20100602	2729.33	2757.91	2700.07	2757.53	39587020	46364229632.000
20100603	2769.10	2787.51	2735.70	2736.08	39587258	47143264256.000
20100604	2721.36	2748.48	2713.09	2744.39	32746291	39858364416.000
20100607	2692.83	2716.40	2673.34	2695.72	39541993	47062704128.000
20100608	2694.11	2720.59	2672.06	2699.34	35140182	42677104640.000
20100609	2711.64	2787.82	2687.33	2782.13	60209533	70710083584.000
20100610	2755.94	2776.26	2746.11	2750.02	42906334	50312245248.000
20100611	2766.20	2782.09	2755.95	2758.87	40558585	48871477248.000
20100617	2778.53	2784.92	2742.64	2742.73	32612356	40293232640.000
20100618	2739.03	2755.84	2686.61	2696.17	41808344	50256351232.000
20100621	2698.98	2784.47	2686.32	2780.66	55261482	62809190400.000
20100622	2772.89	2795.32	2766.44	2783.72	39096052	45207207936.000
20100623	2768.70	2788.22	2734.05	2758.50	35600350	41600241664.000
20100624	2753.71	2783.51	2739.81	2757.50	29220682	33772857344.000
20100625	2744.12	2759.45	2715.66	2736.29	30671782	34649178112.000
20100628	2734.51	2751.46	2710.09	2716.78	27710044	31198277632.000
20100629	2717.47	2724.23	2591.69	2592.02	48758552	50635968512.000
20100630	2572.91	2575.82	2546.84	2563.07	35698794	35809890304.000
20100701	2557.92	2574.10	2524.57	2526.07	32857646	32478457856.000
20100702	2523.03	2542.12	2462.20	2534.10	44914100	43367317504.000
20100705	2507.35	2529.43	2476.49	2512.65	32178574	30922299392.000
20100706	2504.87	2563.41	2502.93	2562.90	39714762	38976835584.000
20100707	2561.11	2580.61	2548.56	2580.48	35720909	37059899392.000
20100708	2591.51	2602.23	2564.64	2575.92	34056966	35348758528.000
20100709	2578.55	2662.16	2557.26	2647.10	58493045	61470068736.000
20100712	2647.42	2689.81	2636.65	2676.22	58462491	63462260736.000
20100713	2649.66	2649.66	2618.34	2634.59	43228506	45125107712.000
20100714	2640.93	2684.62	2640.54	2653.61	46688860	49497108480.000
20100715	2650.33	2680.44	2607.79	2608.52	40440459	41444712448.000
20100716	2597.00	2621.33	2573.79	2616.13	35063302	35422326784.000
20100719	2592.09	2691.94	2585.01	2682.47	53868070	59826126848.000
20100720	2685.46	2746.24	2685.46	2741.50	73128345	80958218240.000
20100721	2744.70	2766.21	2733.72	2747.33	70757092	73734684672.000
20100722	2738.03	2783.14	2734.07	2781.29	61064806	63576604672.000
20100723	2787.52	2806.98	2769.44	2793.08	64518565	70423339008.000
20100726	2798.76	2811.95	2775.78	2811.05	53580026	59848904704.000
20100727	2803.75	2812.21	2785.37	2795.72	49799884	55963992064.000
20100728	2796.48	2866.40	2784.16	2863.72	79985954	84516847616.000
20100729	2866.77	2888.60	2852.00	2877.98	95965409	92278226944.000
20100730	2871.48	2876.14	2844.68	2868.85	62575591	65224482816.000
20100802	2868.28	2922.61	2867.45	2917.27	71743300	73569075200.000
20100803	2925.25	2929.61	2865.76	2865.97	81748364	86870573056.000
20100804	2858.35	2876.59	2818.25	2876.43	71318039	75670142976.000
20100805	2874.66	2877.31	2833.67	2850.83	67157581	73038454784.000
20100806	2848.16	2898.53	2821.03	2897.66	74914895	82145148928.000
20100809	2894.10	2922.62	2888.04	2918.24	74726391	83431981056.000
20100810	2920.40	2925.30	2832.08	2832.64	78435034	84283703296.000
20100811	2823.15	2864.36	2823.15	2850.21	54979133	58786304000.000
20100812	2822.79	2860.37	2810.10	2816.39	59893227	65825611776.000
20100813	2818.41	2856.04	2799.22	2855.55	58507721	62923747328.000
20100816	2851.22	2927.69	2843.02	2922.08	81068043	91427504128.000
20100817	2927.26	2949.73	2917.83	2942.29	76452912	86700539904.000
20100818	2945.98	2962.75	2924.67	2937.36	70747600	80832364544.000
20100819	2940.77	2975.19	2928.01	2955.40	76924865	91734589440.000
20100820	2943.33	2951.96	2892.64	2898.33	71663306	82298175488.000
20100823	2895.71	2920.54	2886.66	2896.19	48915517	57772777472.000
20100824	2892.13	2933.12	2866.80	2911.83	61093796	65036591104.000
20100825	2893.99	2904.66	2842.25	2843.02	63610621	67048222720.000
20100826	2853.10	2868.88	2836.13	2850.09	48670442	51862921216.000
20100827	2847.45	2861.07	2833.42	2858.57	40789582	46699343872.000
20100830	2874.25	2921.08	2872.92	2915.01	65749882	77341614080.000
20100831	2905.15	2910.06	2889.81	2903.19	65766104	79976349696.000
20100901	2907.66	2931.76	2859.17	2884.04	76975578	87931887616.000
20100902	2917.74	2931.55	2903.03	2921.39	70700851	88923144192.000
20100903	2926.94	2929.55	2891.88	2920.21	72641027	87724826624.000
20100906	2935.89	2980.42	2935.89	2975.09	93855681	110466113536.000
20100907	2979.30	2991.44	2959.90	2983.11	73519361	85488197632.000
20100908	2970.00	2982.72	2953.84	2980.97	72872002	92660875264.000
20100909	2986.87	2986.87	2922.20	2926.46	81395554	103248281600.000
20100910	2928.00	2940.79	2890.03	2932.55	65086704	83743162368.000
20100913	2933.59	2977.08	2925.42	2962.32	67279900	87536181248.000
20100914	2971.55	2984.47	2954.51	2965.01	70105903	87204421632.000
20100915	2965.54	2965.54	2905.63	2913.19	71619642	86445965312.000
20100916	2908.32	2917.85	2834.03	2857.79	74074284	84198375424.000
20100917	2864.72	2877.08	2847.68	2861.37	51938867	62466326528.000
20100920	2865.04	2872.22	2829.76	2849.83	50283104	57582985216.000
20100921	2859.43	2869.38	2844.13	2857.48	35751881	44742025216.000
20100927	2869.93	2905.53	2864.21	2905.03	49071823	62611533824.000
20100928	2900.54	2900.54	2875.66	2880.91	58660826	80859750400.000
20100929	2877.27	2908.73	2866.85	2874.81	56782236	74516021248.000
20100930	2859.06	2935.59	2857.42	2935.57	63000247	80709730304.000
20101008	2965.65	3055.84	2963.24	3044.23	99994720	134986637312.000
20101011	3069.19	3154.20	3069.19	3132.90	158734904	212607074304.000
20101012	3121.64	3173.85	3106.22	3172.73	127361705	178245222400.000
20101013	3176.89	3221.65	3165.58	3217.58	144607773	195444719616.000
20101014	3245.13	3286.02	3215.03	3224.14	179611838	227654451200.000
20101015	3204.72	3327.68	3199.12	3327.68	193414140	245619294208.000
20101018	3345.80	3390.01	3288.78	3306.16	217882051	267884363776.000
20101019	3300.52	3375.87	3280.00	3375.67	130441791	165488918528.000
20101020	3304.22	3439.23	3301.01	3396.88	166528460	235372052480.000
20101021	3404.72	3418.09	3344.96	3374.69	123883245	175383707648.000
20101022	3365.60	3408.49	3346.11	3378.66	116361857	163153625088.000
20101025	3386.85	3481.35	3366.43	3481.08	145433105	208809410560.000
20101026	3491.47	3499.82	3436.46	3466.08	142636999	205216464896.000
20101027	3451.43	3490.22	3398.09	3403.87	123761570	177072553984.000
20101028	3390.43	3420.89	3371.44	3397.69	98349456	141135888384.000
20101029	3400.26	3404.60	3351.60	3379.98	100458970	145528373248.000
20101101	3390.41	3473.00	3390.41	3473.00	126269148	186725761024.000
20101102	3484.23	3522.18	3449.72	3463.13	154911450	233976233984.000
20101103	3462.74	3474.71	3419.08	3420.34	126359303	178803326976.000
20101104	3426.46	3480.93	3419.64	3480.50	116799481	164721393664.000
20101105	3538.99	3554.47	3498.28	3520.80	137688027	196618043392.000
20101108	3534.19	3549.30	3506.38	3548.57	126470759	174067580928.000
20101109	3547.44	3547.44	3498.62	3523.95	122454533	170174873600.000
20101110	3507.20	3508.27	3470.97	3499.11	120078578	176529784832.000
20101111	3490.74	3557.99	3484.89	3509.98	138976233	209121525760.000
20101112	3484.61	3497.06	3284.35	3291.83	160733850	224200785920.000
20101115	3298.74	3319.98	3241.76	3314.89	102315724	144492953600.000
20101116	3311.62	3311.62	3155.48	3169.54	108307072	154278117376.000
20101117	3124.11	3168.93	3087.51	3103.91	83258080	118981230592.000
20101118	3134.94	3158.63	3097.39	3147.96	65697292	94476115968.000
20101119	3168.17	3178.85	3076.21	3178.85	83347654	114672975872.000
20101122	3148.22	3200.47	3137.75	3171.94	83212776	114302976000.000
20101123	3156.48	3156.48	3061.62	3107.18	77399591	105281462272.000
20101124	3088.99	3177.41	3088.99	3177.04	75332083	107688443904.000
20101125	3197.97	3227.05	3172.28	3223.48	83442094	116948295680.000
20101126	3214.13	3224.52	3170.36	3194.85	64467824	96226369536.000
20101129	3183.54	3206.76	3159.46	3190.05	58994892	88799076352.000
20101130	3187.53	3205.78	3060.44	3136.99	85762355	120572329984.000
20101201	3127.26	3150.44	3111.65	3136.02	48882668	69472575488.000
20101202	3185.76	3194.23	3154.32	3155.06	61023908	89764274176.000
20101203	3161.93	3171.38	3134.42	3158.16	50475354	71387340800.000
20101206	3168.88	3185.33	3140.55	3165.57	56362630	80043204608.000
20101207	3152.73	3214.69	3112.22	3200.34	58483653	85548294144.000
20101208	3194.90	3215.28	3166.77	3171.88	59515663	87056105472.000
20101209	3156.00	3175.05	3122.20	3123.37	66152965	83159040000.000
20101210	3107.38	3172.16	3101.08	3161.98	57108105	78069121024.000
20101213	3176.33	3261.34	3173.56	3261.06	95713739	132088356864.000
20101214	3270.20	3279.36	3254.18	3269.47	84104241	114928738304.000
20101215	3270.78	3282.77	3242.52	3247.64	72269785	104793178112.000
20101216	3246.01	3258.39	3224.12	3230.67	56799625	79262375936.000
20101217	3229.30	3232.84	3212.58	3225.66	44919147	65697259520.000
20101220	3239.02	3249.76	3118.00	3178.66	74759693	107521974272.000
20101221	3184.70	3251.55	3168.89	3249.51	79852420	112461676544.000
20101222	3253.82	3263.45	3201.67	3215.45	69936258	98309029888.000
20101223	3210.67	3237.64	3183.15	3188.61	61315847	84430479360.000
20101224	3170.64	3187.72	3139.45	3162.96	55137767	72989138944.000
20101227	3176.11	3219.66	3092.26	3099.71	70017107	99855474688.000
20101228	3084.82	3095.36	3041.33	3044.93	56325749	74843955200.000
20101229	3049.93	3062.56	3025.22	3061.83	45192775	60134776832.000
20101230	3063.05	3079.91	3027.90	3064.10	54281429	70284279808.000
20101231	3069.05	3129.45	3067.11	3128.26	62566078	90545897472.000
20110104	3155.56	3194.36	3143.60	3189.68	85410440	129159618560.000
20110105	3170.18	3193.78	3158.87	3175.66	79268810	116943216640.000
20110106	3177.83	3198.05	3152.57	3159.64	59681092	91568447488.000
20110107	3156.36	3209.90	3141.13	3166.62	84093233	113651253248.000
20110110	3162.08	3182.78	3102.43	3108.19	65494406	87992885248.000
20110111	3096.25	3131.29	3084.51	3124.92	56985917	74832445440.000
20110112	3135.18	3153.43	3099.41	3142.34	58498518	71551418368.000
20110113	3153.99	3157.04	3127.16	3141.28	51936988	66925785088.000
20110114	3129.67	3129.67	3083.51	3091.86	53351439	71012098048.000
20110117	3067.43	3078.88	2968.61	2974.35	66807562	85454118912.000
20110118	2965.42	2984.47	2947.60	2977.65	42964564	54652416000.000
20110119	2978.46	3045.60	2967.24	3044.85	56571942	72772222976.000
20110120	3037.86	3037.86	2944.50	2944.71	61046643	76440117248.000
20110121	2935.23	3030.26	2935.14	2983.46	73102966	85157789696.000
20110124	2986.09	2999.20	2943.92	2954.23	65472545	75805237248.000
20110125	2949.65	2960.59	2919.16	2938.65	48982689	57572818944.000
20110126	2939.77	2982.32	2939.36	2978.43	43374979	51746037760.000
20110127	2953.59	3037.16	2935.27	3026.47	82585919	96976027648.000
20110128	3020.12	3047.27	3011.38	3036.74	63013589	78241914880.000
20110131	3035.42	3076.55	3032.45	3076.51	67105914	83070312448.000
20110201	3083.49	3087.23	3062.83	3077.28	49862530	65832697856.000
20110209	3055.40	3087.55	3031.75	3040.95	60394145	78148354048.000
20110210	3034.08	3105.32	3024.35	3104.16	66603662	86967271424.000
20110211	3100.27	3133.50	3092.58	3120.96	75975553	99001499648.000
20110214	3123.25	3227.43	3123.25	3219.14	121302331	155829387264.000
20110215	3223.22	3259.64	3215.62	3217.67	109554438	147747225600.000
20110216	3211.14	3248.85	3195.47	3248.53	91334283	125549600768.000
20110217	3255.63	3265.26	3218.91	3245.91	88964695	127559671808.000
20110218	3240.05	3242.37	3203.12	3211.88	75378684	104743370752.000
20110221	3192.15	3258.28	3189.85	3257.91	79399776	108055879680.000
20110222	3267.61	3269.05	3161.83	3163.58	107863741	147588612096.000
20110223	3152.44	3182.19	3145.99	3174.74	71324854	97251426304.000
20110224	3170.24	3195.69	3157.97	3190.94	66486893	94908284928.000
20110225	3190.87	3213.79	3159.85	3197.62	61619275	88275902464.000
20110228	3200.68	3241.60	3178.83	3239.56	76630663	109249970176.000
20110301	3241.71	3273.51	3235.75	3254.89	88566954	124040757248.000
20110302	3237.12	3257.42	3202.83	3243.30	80910641	113592008704.000
20110303	3248.16	3271.64	3221.04	3221.72	101219997	131217801216.000
20110304	3223.51	3273.66	3217.48	3270.67	80013915	107401814016.000
20110307	3287.41	3337.47	3287.41	3334.51	118187197	170406772736.000
20110308	3335.71	3342.71	3311.72	3337.46	84878655	126306328576.000
20110309	3344.10	3355.49	3322.70	3338.86	78026361	113534091264.000
20110310	3330.44	3330.44	3279.33	3280.26	78212642	117952634880.000
20110311	3263.08	3290.70	3240.18	3247.38	67208335	100306075648.000
20110314	3238.91	3263.91	3230.11	3262.92	63689783	94134689792.000
20110315	3250.59	3250.59	3147.96	3203.96	96033979	129603313664.000
20110316	3204.92	3250.88	3202.93	3248.20	78859520	111826092032.000
20110317	3216.29	3240.38	3185.08	3197.10	85687114	117295726592.000
20110318	3228.92	3239.96	3205.14	3215.69	61340161	86845202432.000
20110321	3220.68	3236.28	3194.15	3207.11	59105037	84105740288.000
20110322	3217.80	3227.80	3175.93	3222.96	57248684	80009789440.000
20110323	3222.32	3267.00	3216.65	3264.93	72077585	98540421120.000
20110324	3269.57	3273.37	3250.02	3251.36	61304244	88058904576.000
20110325	3256.18	3304.26	3254.68	3294.48	86895979	122021363712.000
20110328	3307.41	3328.07	3286.86	3290.57	97684300	139030085632.000
20110329	3288.56	3309.20	3256.34	3257.98	105280164	132908072960.000
20110330	3256.72	3274.98	3233.11	3256.08	78336337	103271931904.000
20110331	3257.16	3264.96	3210.17	3223.29	64503880	86565371904.000
20110401	3227.56	3272.77	3220.91	3272.73	63094722	86711549952.000
20110406	3269.19	3315.30	3268.76	3311.07	105823674	143030091776.000
20110407	3313.47	3330.80	3302.82	3324.42	84681762	112678584320.000
20110408	3321.54	3353.89	3314.09	3353.36	73929210	107329314816.000
20110411	3363.37	3380.53	3331.17	3333.43	104420545	141974388736.000
20110412	3324.75	3350.16	3307.48	3326.77	101938506	122863558656.000
20110413	3311.32	3372.03	3296.51	3372.03	87036338	108305235968.000
20110414	3374.32	3378.70	3347.49	3353.56	88972241	107491229696.000
20110415	3345.13	3378.11	3323.56	3358.94	78514874	98934571008.000
20110418	3346.15	3372.90	3335.60	3359.44	86582624	107178229760.000
20110419	3334.91	3334.91	3290.74	3295.81	85106933	104368979968.000
20110420	3300.42	3311.73	3281.83	3295.76	72343318	93667139584.000
20110421	3312.27	3330.24	3301.94	3317.37	73240424	96739131392.000
20110422	3317.08	3325.46	3291.64	3299.94	67171455	83528335360.000
20110425	3292.48	3292.48	3247.69	3249.57	74421829	98455879680.000
20110426	3242.53	3257.80	3216.21	3230.96	59096417	76696854528.000
20110427	3242.62	3256.41	3189.04	3209.50	62443567	75111243776.000
20110428	3224.41	3237.19	3160.41	3161.78	65050235	79155830784.000
20110429	3161.16	3193.60	3147.14	3192.72	53683065	63455813632.000
20110503	3192.84	3212.05	3164.93	3211.13	54998910	64348987392.000
20110504	3192.84	3193.45	3120.96	3129.03	66716340	83567656960.000
20110505	3115.00	3136.90	3105.85	3126.12	52567747	63009374208.000
20110506	3093.81	3141.68	3083.91	3121.40	55352186	69747376128.000
20110509	3126.26	3149.94	3118.14	3129.76	46027404	57287413760.000
20110510	3135.15	3153.30	3121.75	3153.22	40932995	54931226624.000
20110511	3153.65	3164.65	3127.49	3145.08	47688533	59507720192.000
20110512	3123.16	3142.40	3101.14	3101.60	48799501	61703081984.000
20110513	3105.30	3128.44	3080.19	3128.09	46895951	57757204480.000
20110516	3120.44	3137.60	3098.78	3100.46	45194319	54238724096.000
20110517	3097.07	3136.23	3076.95	3116.03	51203731	65417945088.000
20110518	3109.29	3145.70	3106.55	3139.38	39641768	49757175808.000
20110519	3148.35	3154.94	3118.62	3120.64	43110782	52249677824.000
20110520	3120.58	3133.43	3113.27	3121.60	38468012	48967028736.000
20110523	3115.31	3115.31	3021.45	3022.98	55902472	66976428032.000
20110524	3013.72	3029.75	2999.89	3026.22	41608944	52971692032.000
20110525	3020.32	3030.99	2988.09	2990.34	39289704	48604397568.000
20110526	3011.47	3021.20	2977.60	2978.38	37003747	48346480640.000
20110527	2980.72	2996.60	2962.07	2963.31	42770905	52019994624.000
20110530	2956.57	2982.58	2942.36	2954.51	34671160	42960261120.000
20110531	2958.61	3001.73	2946.15	3001.56	39689399	50553384960.000
20110601	2996.08	3006.56	2985.71	3004.17	38419327	49060077568.000
20110602	2970.63	2984.49	2923.02	2955.71	52617867	61748346880.000
20110603	2951.58	2993.90	2951.20	2986.35	39076164	49273757696.000
20110607	2977.68	3006.57	2974.36	3004.26	36852332	49859133440.000
20110608	3003.58	3012.81	2965.92	3008.65	42908758	51123187712.000
20110609	3000.40	3004.06	2951.89	2951.89	47496636	55381278720.000
20110610	2947.93	2964.08	2925.87	2961.93	42201882	50942992384.000
20110613	2940.39	2957.52	2921.75	2950.35	38351668	46991282176.000
20110614	2947.66	3000.53	2943.53	2993.56	55982815	66158911488.000
20110615	2984.96	2999.15	2963.11	2963.12	44390852	54467702784.000
20110616	2939.68	2946.81	2915.40	2917.58	41135482	47067185152.000
20110617	2916.41	2934.06	2891.01	2892.16	41176530	51647156224.000
20110620	2888.94	2896.08	2862.41	2874.90	37991982	45416697856.000
20110621	2883.35	2909.57	2877.05	2909.07	42038923	50160676864.000
20110622	2913.67	2921.03	2894.18	2908.58	37318802	43263823872.000
20110623	2899.01	2966.54	2888.68	2957.63	45941117	55276888064.000
20110624	2946.61	3047.94	2944.05	3027.47	85459240	104972926976.000
20110627	3028.50	3056.02	3019.24	3036.49	65615771	79044149248.000
20110628	3040.18	3046.80	3014.00	3041.73	55766254	70333382656.000
20110629	3039.05	3043.81	2999.95	3000.17	53476848	61717622784.000
20110630	3003.23	3058.63	3003.23	3044.09	62502549	73891667968.000
20110701	3052.12	3071.21	3034.07	3049.75	56766653	72614641664.000
20110704	3064.94	3124.58	3064.94	3121.98	80464031	102679822336.000
20110705	3122.90	3128.53	3105.09	3122.50	67763335	81999831040.000
20110706	3116.12	3116.12	3084.83	3113.71	61555807	76557000704.000
20110707	3123.29	3140.10	3101.10	3101.68	71810360	92120547328.000
20110708	3105.49	3124.39	3093.37	3109.18	51282593	65155543040.000
20110711	3097.87	3121.00	3086.26	3113.21	47920660	62237249536.000
20110712	3089.14	3090.10	3054.80	3056.91	57107984	71222640640.000
20110713	3060.42	3108.50	3060.42	3106.25	54114367	68294832128.000
20110714	3112.59	3126.15	3092.47	3115.75	60314935	79948505088.000
20110715	3105.50	3130.77	3097.34	3128.89	61550322	79424847872.000
20110718	3131.80	3137.92	3113.67	3122.60	60691311	78225031168.000
20110719	3108.47	3109.92	3088.38	3095.13	53388709	68506066944.000
20110720	3113.71	3119.54	3071.85	3091.57	44118331	56930992128.000
20110721	3092.27	3099.28	3058.25	3059.14	44084691	57942638592.000
20110722	3066.19	3083.19	3059.60	3067.99	37257255	49618948096.000
20110725	3050.90	3050.90	2958.88	2968.29	67180996	77513629696.000
20110726	2965.72	2980.86	2957.61	2977.77	43515457	49560682496.000
20110727	2961.58	3002.69	2951.52	3000.05	48385612	58746220544.000
20110728	2973.64	2984.38	2956.71	2981.00	48138984	60678598656.000
20110729	2981.02	2995.97	2948.08	2972.08	46298253	54358237184.000
20110801	2969.11	2991.05	2958.83	2977.72	33886949	41203122176.000
20110802	2958.85	2958.85	2919.01	2956.38	38978357	48435294208.000
20110803	2930.19	2969.13	2927.10	2954.87	38668362	49593982976.000
20110804	2962.91	2983.01	2951.84	2960.31	32985719	41335656448.000
20110805	2881.74	2916.41	2868.16	2897.42	49316854	60240015360.000
20110808	2864.51	2888.77	2747.97	2793.90	71517766	83694788608.000
20110809	2720.95	2812.77	2697.06	2798.19	69842676	79653281792.000
20110810	2845.35	2858.55	2820.12	2824.12	58659312	68580540416.000
20110811	2779.72	2867.31	2777.76	2866.92	58997689	69223948288.000
20110812	2881.55	2894.22	2868.87	2875.36	57197406	63487643648.000
20110815	2883.17	2917.88	2870.19	2917.88	59875476	61102227456.000
20110816	2920.83	2932.14	2888.33	2897.58	50962681	57496629248.000
20110817	2893.85	2910.83	2881.63	2886.01	39178179	41891852288.000
20110818	2887.10	2890.00	2832.27	2834.25	40768883	45784424448.000
20110819	2789.35	2814.10	2782.56	2807.66	43259650	48442961920.000
20110822	2809.33	2829.69	2768.42	2777.79	34209685	40136540160.000
20110823	2788.70	2821.00	2777.29	2821.00	32620514	36441993216.000
20110824	2834.58	2845.47	2804.82	2810.02	35301565	41939779584.000
20110825	2818.70	2904.44	2815.91	2903.84	72216845	75745959936.000
20110826	2889.38	2907.40	2876.83	2901.22	45604102	51759427584.000
20110829	2875.78	2875.78	2847.48	2852.81	44267850	49892655104.000
20110830	2875.14	2901.73	2838.33	2841.74	43137872	48565788672.000
20110831	2843.99	2855.30	2823.77	2846.78	32107899	37624545280.000
20110901	2852.39	2869.25	2825.96	2834.53	30118702	35143729152.000
20110902	2828.84	2836.62	2790.77	2803.85	29317116	31960598528.000
20110905	2780.83	2780.83	2743.38	2743.82	32005660	36040310784.000
20110906	2727.75	2745.36	2711.07	2723.30	29713982	33746804736.000
20110907	2738.79	2779.21	2730.05	2779.09	33265381	37096660992.000
20110908	2788.83	2789.11	2755.80	2756.10	26838735	31209441280.000
20110909	2770.15	2796.35	2739.62	2751.09	27073503	30348130304.000
20110913	2712.44	2726.19	2698.66	2720.28	26713764	30034339840.000
20110914	2729.26	2736.91	2677.13	2733.11	30424780	32858417152.000
20110915	2734.55	2754.19	2728.91	2729.05	31171925	32507109376.000
20110916	2744.22	2755.89	2729.00	2733.99	27555932	29743912960.000
20110919	2718.32	2718.32	2678.79	2679.27	29090941	29731416064.000
20110920	2675.04	2702.28	2664.10	2689.84	25598681	27274346496.000
20110921	2691.70	2778.35	2677.35	2771.01	56194171	59146485760.000
20110922	2745.15	2754.92	2684.94	2685.69	47102660	47793332224.000
20110923	2644.29	2681.23	2631.43	2669.48	42592224	45934333952.000
20110926	2645.25	2679.56	2603.11	2610.92	39175124	40495022080.000
20110927	2634.93	2652.56	2613.42	2637.88	35021974	37301309440.000
20110928	2654.83	2660.10	2602.63	2610.59	34169555	36195917824.000
20110929	2593.56	2615.14	2577.29	2588.19	37093593	37708582912.000
20110930	2595.58	2607.57	2572.19	2581.35	32050822	32376678400.000
20111010	2588.35	2595.32	2552.28	2557.08	28325122	28149901312.000
20111011	2625.16	2635.69	2526.65	2551.99	45029848	47409893376.000
20111012	2537.40	2647.01	2523.34	2644.76	65945680	62822830080.000
20111013	2636.86	2672.91	2629.41	2662.60	60426201	56631042048.000
20111014	2655.36	2665.44	2629.88	2653.78	38336948	37326708736.000
20111017	2658.95	2687.10	2653.38	2666.95	36158315	38101618688.000
20111018	2646.84	2651.73	2589.21	2592.21	39373448	39453302784.000
20111019	2599.92	2617.41	2580.66	2583.08	31116166	32114966528.000
20111020	2566.60	2570.10	2500.49	2520.53	39842462	39409598464.000
20111021	2522.26	2538.12	2504.69	2507.88	29843503	29090707456.000
20111024	2517.06	2581.13	2501.96	2576.67	46345801	44056731648.000
20111025	2572.71	2633.97	2560.05	2625.43	57967375	57533460480.000
20111026	2613.27	2679.66	2611.01	2651.65	73098240	69534359552.000
20111027	2658.43	2672.84	2647.30	2657.48	48820391	47403220992.000
20111028	2694.54	2729.14	2689.38	2709.02	71643105	72908423168.000
20111031	2704.53	2709.32	2680.99	2695.31	50407112	52522500096.000
20111101	2672.51	2726.09	2669.05	2697.53	55206651	56067604480.000
20111102	2658.55	2742.94	2653.72	2742.39	64361584	65327476736.000
20111103	2752.63	2781.04	2743.20	2744.30	84820760	90502553600.000
20111104	2770.57	2781.99	2748.98	2763.75	61958218	63500869632.000
20111107	2750.99	2769.30	2733.17	2736.25	45375056	47761936384.000
20111108	2745.06	2756.09	2723.69	2727.71	47884252	47864913920.000
20111109	2739.15	2755.81	2710.05	2751.65	46877960	48484229120.000
20111110	2720.84	2729.57	2698.31	2699.59	51173702	51793948672.000
20111111	2705.24	2713.91	2685.10	2695.00	36636696	38724218880.000
20111114	2717.54	2751.88	2714.86	2750.20	46390943	51333488640.000
20111115	2746.77	2754.00	2732.91	2744.68	41759864	46980739072.000
20111116	2745.86	2746.29	2659.15	2670.12	55949239	57844199424.000
20111117	2671.95	2687.83	2660.65	2662.02	35247652	37762637824.000
20111118	2643.67	2646.21	2601.18	2606.50	42414718	44949475328.000
20111121	2608.56	2613.26	2587.74	2609.69	27971896	31175407616.000
20111122	2592.23	2611.15	2580.78	2609.48	29069078	31886735360.000
20111123	2613.29	2617.09	2578.16	2584.01	28531412	30958563328.000
20111124	2565.69	2604.24	2557.70	2588.92	30319601	31894726656.000
20111125	2585.14	2598.39	2563.65	2569.97	23913766	27509358592.000
20111128	2578.34	2589.35	2562.49	2573.32	25666936	29179539456.000
20111129	2595.09	2609.19	2580.29	2608.57	30025878	34962427904.000
20111130	2600.10	2601.90	2507.18	2521.52	42352645	42454204416.000
20111201	2596.15	2630.66	2577.72	2583.61	63520252	66146807808.000
20111202	2570.56	2575.69	2543.53	2557.31	32183703	33168418816.000
20111205	2561.20	2561.20	2517.18	2521.39	32063388	32749926400.000
20111206	2515.04	2525.67	2499.57	2516.34	26297581	26310940672.000
20111207	2517.34	2534.53	2509.78	2528.23	23261839	23433730048.000
20111208	2525.04	2549.10	2494.69	2525.00	27777744	27843684352.000
20111209	2506.62	2525.16	2496.97	2503.46	24029059	25477242880.000
20111212	2497.92	2502.05	2476.12	2477.69	21901249	21200443392.000
20111213	2467.02	2472.66	2418.67	2421.93	35717534	33269153792.000
20111214	2415.94	2433.55	2392.30	2397.48	25320109	23753607168.000
20111215	2382.44	2384.47	2340.45	2340.79	36750834	33900402688.000
20111216	2339.98	2390.38	2332.14	2390.13	36302339	33652058112.000
20111219	2370.42	2387.89	2321.66	2384.41	37909752	33711370240.000
20111220	2376.71	2412.57	2373.86	2377.07	32402327	29967659008.000
20111221	2397.27	2404.77	2337.69	2339.11	31209525	30917838848.000
20111222	2325.27	2358.47	2294.61	2341.33	36683858	31845455872.000
20111223	2337.38	2382.71	2331.96	2359.16	33161904	29910296576.000
20111226	2345.55	2369.82	2334.79	2335.70	28224087	25033052160.000
20111227	2332.83	2346.38	2302.41	2305.03	29277314	26777020416.000
20111228	2295.87	2309.65	2267.11	2307.93	32882020	28839274496.000
20111229	2297.29	2323.49	2293.87	2311.36	30887700	26868224000.000
20111230	2318.67	2349.03	2318.67	2345.74	35865243	32362649600.000
20120104	2361.50	2365.99	2298.30	2298.75	34344567	32572551168.000
20120105	2290.78	2316.66	2272.15	2276.39	43016480	37635272704.000
20120106	2274.35	2291.89	2254.57	2290.60	35198992	31079362560.000
20120109	2291.18	2368.89	2271.72	2368.57	54727341	51478126592.000
20120110	2365.77	2449.96	2361.28	2447.35	81154989	75249156096.000
20120111	2444.76	2453.15	2423.32	2435.61	58705674	57587220480.000
20120112	2426.82	2464.38	2423.32	2435.22	47121275	47877406720.000
20120113	2438.41	2445.79	2374.54	2394.33	45513997	47228338176.000
20120116	2376.95	2394.50	2345.63	2345.65	30527145	34410385408.000
20120117	2347.57	2462.43	2329.25	2460.60	64205648	64324132864.000
20120118	2464.92	2485.50	2414.53	2422.19	63892358	67058839552.000
20120119	2423.86	2480.21	2414.99	2468.35	55615726	56377655296.000
20120120	2476.73	2510.34	2462.59	2504.09	54529783	57474473984.000
20120130	2508.88	2508.88	2460.40	2460.72	43517148	44770885632.000
20120131	2462.34	2472.84	2447.77	2464.26	30701501	32694132736.000
20120201	2458.23	2481.66	2423.45	2428.99	35015374	37752320000.000
20120202	2437.47	2486.24	2429.71	2486.24	42066985	44126384128.000
20120203	2478.34	2514.65	2470.28	2506.09	49949240	51507544064.000
20120206	2511.17	2520.76	2488.71	2504.32	45079905	47541522432.000
20120207	2489.03	2489.03	2441.70	2457.95	39679164	40034275328.000
20120208	2456.42	2534.16	2451.00	2528.24	56186456	61721305088.000
20120209	2525.59	2546.02	2513.13	2529.23	59299751	63456202752.000
20120210	2521.68	2560.03	2521.16	2533.62	61575877	60029480960.000
20120213	2504.41	2553.45	2496.30	2531.98	51913973	54282620928.000
20120214	2528.97	2533.26	2506.54	2522.11	40430101	43723681792.000
20120215	2515.83	2562.07	2511.29	2549.61	58090370	60422393856.000
20120216	2544.64	2559.34	2519.04	2536.07	54395431	55165632512.000
20120217	2551.81	2558.34	2522.86	2537.09	38994716	40458002432.000
20120220	2571.91	2574.75	2539.90	2540.71	56153329	56748912640.000
20120221	2544.83	2562.91	2520.79	2562.45	47894808	47758225408.000
20120222	2564.31	2598.86	2560.34	2597.48	76376656	76421808128.000
20120223	2595.78	2614.54	2590.52	2606.26	70377126	72612085760.000
20120224	2607.34	2648.02	2602.78	2648.02	85999708	88058617856.000
20120227	2658.12	2693.84	2656.57	2656.57	101514034	106670211072.000
20120228	2652.34	2671.83	2641.46	2662.46	77592536	77213057024.000
20120229	2655.86	2666.65	2631.78	2634.14	59120206	64875220992.000
20120301	2622.74	2647.78	2621.86	2633.34	42148441	46524080128.000
20120302	2637.96	2679.93	2637.96	2679.93	64122034	66981593088.000
20120305	2687.74	2694.61	2660.96	2662.70	71395458	74973257728.000
20120306	2654.80	2657.96	2615.60	2621.05	62447148	68852555776.000
20120307	2596.48	2628.58	2594.13	2603.00	56948733	63243292672.000
20120308	2612.40	2645.95	2612.40	2635.79	57549413	64458850304.000
20120309	2644.10	2664.41	2631.41	2664.30	55258921	65963442176.000
20120312	2663.24	2666.43	2636.42	2654.40	62327216	74367705088.000
20120313	2653.68	2681.33	2649.17	2681.07	58404469	66429763584.000
20120314	2694.48	2705.75	2595.34	2605.11	108426540	117080408064.000
20120315	2602.66	2618.25	2575.44	2585.55	72565960	77042769920.000
20120316	2591.80	2624.32	2577.25	2623.52	58091259	67451822080.000
20120319	2617.66	2631.04	2598.63	2630.01	57646625	68803936256.000
20120320	2622.66	2622.66	2584.02	2584.45	58114065	64263815168.000
20120321	2597.38	2613.27	2569.07	2587.79	58002544	66674921472.000
20120322	2586.94	2599.24	2570.45	2583.75	44926777	50115506176.000
20120323	2575.33	2578.82	2544.52	2552.94	43329256	47812444160.000
20120326	2551.43	2562.93	2540.70	2555.44	31816211	36356132864.000
20120327	2565.55	2571.90	2544.37	2547.14	35944604	47394455552.000
20120328	2538.46	2540.42	2471.03	2474.90	50005790	54993641472.000
20120329	2463.69	2476.48	2429.73	2443.12	46131304	48651595776.000
20120330	2447.94	2461.98	2438.49	2454.90	37027086	39139733504.000
20120405	2449.21	2517.39	2441.27	2512.83	54331687	58049691648.000
20120406	2509.45	2525.53	2502.70	2519.83	42368576	47207796736.000
20120409	2510.53	2518.38	2491.59	2495.15	35370986	38180753408.000
20120410	2490.28	2519.81	2459.35	2519.79	41335905	44064833536.000
20120411	2494.52	2541.13	2489.32	2520.04	42510310	43627982848.000
20120412	2522.83	2570.84	2516.57	2570.44	56488409	59536949248.000
20120413	2575.05	2593.79	2570.03	2580.45	53092643	61892976640.000
20120416	2564.23	2586.20	2559.78	2574.04	40839700	42650755072.000
20120417	2572.36	2578.76	2541.53	2541.88	37815467	38328418304.000
20120418	2550.91	2602.11	2546.00	2599.91	58688408	59361005568.000
20120419	2598.33	2606.86	2585.30	2596.06	46448109	55512932352.000
20120420	2591.51	2627.38	2589.35	2626.84	61446379	63829909504.000
20120423	2624.75	2632.09	2599.11	2606.04	58664938	62073950208.000
20120424	2594.80	2640.29	2559.46	2604.87	71139558	73150513152.000
20120425	2598.23	2631.44	2593.33	2625.99	62468053	63529459712.000
20120426	2632.72	2643.77	2617.09	2631.49	58965667	64377487360.000
20120427	2630.55	2637.92	2623.60	2626.16	48233586	53345517568.000
20120502	2660.67	2697.95	2643.53	2683.49	80148654	92366094336.000
20120503	2679.52	2693.88	2675.81	2691.52	59361090	72337334272.000
20120504	2689.62	2716.03	2677.14	2715.88	63218086	73699549184.000
20120507	2699.45	2717.78	2694.32	2717.78	68547314	82715672576.000
20120508	2717.41	2717.82	2683.56	2709.12	63110840	73744498688.000
20120509	2685.19	2685.19	2655.32	2657.51	58400283	69482577920.000
20120510	2657.87	2667.68	2649.38	2657.21	46962576	54056951808.000
20120511	2652.31	2666.57	2636.52	2636.92	41006143	49392898048.000
20120514	2653.81	2656.28	2613.35	2615.53	52082484	60331294720.000
20120515	2597.64	2618.18	2591.60	2617.37	45767271	51374759936.000
20120516	2610.16	2612.63	2574.08	2574.65	43280274	47863537664.000
20120517	2577.96	2619.59	2571.20	2613.94	43728389	49203908608.000
20120518	2595.55	2603.19	2567.30	2573.98	43422124	46907510784.000
20120521	2572.37	2604.22	2563.97	2587.23	38602090	44300406784.000
20120522	2598.17	2627.60	2597.60	2627.52	42773529	49392414720.000
20120523	2621.79	2635.78	2598.29	2616.87	43719531	52563402752.000
20120524	2613.09	2630.41	2588.21	2595.26	42844066	50064441344.000
20120525	2595.26	2602.17	2565.65	2573.10	39273004	41420083200.000
20120528	2562.60	2614.85	2545.34	2614.69	56339275	58412343296.000
20120529	2615.15	2658.25	2612.56	2650.85	72135637	78681505792.000
20120530	2646.37	2655.16	2636.52	2642.26	51855436	56976273408.000
20120531	2623.16	2645.59	2617.23	2632.04	44107469	49875042304.000
20120601	2633.60	2653.86	2623.29	2633.00	44191056	53843402752.000
20120604	2598.73	2608.32	2558.92	2559.03	52478502	60615569408.000
20120605	2565.19	2573.89	2548.76	2558.84	37779910	43553304576.000
20120606	2564.23	2573.74	2547.33	2557.40	33857694	41316909056.000
20120607	2579.43	2584.04	2536.26	2542.18	34841186	42053001216.000
20120608	2558.84	2559.13	2520.41	2524.33	43856426	47638007808.000
20120611	2529.60	2565.43	2523.77	2558.26	40098260	43449659392.000
20120612	2543.76	2553.92	2529.95	2540.18	37936676	40259911680.000
20120613	2546.79	2581.11	2539.63	2580.64	45014568	51291271168.000
20120614	2573.33	2584.71	2558.56	2560.42	40247934	46331822080.000
20120615	2565.19	2580.17	2538.57	2568.05	42786078	48868302848.000
20120618	2576.63	2593.22	2572.99	2581.21	35693628	40852451328.000
20120619	2577.36	2577.36	2556.10	2558.62	32700553	37020041216.000
20120620	2563.64	2570.66	2549.44	2552.61	29850639	33573668864.000
20120621	2547.05	2547.05	2502.42	2512.19	35396732	38607958016.000
20120625	2501.16	2501.16	2455.01	2456.52	40106735	42503507968.000
20120626	2442.56	2465.12	2434.64	2454.92	31734008	33896511488.000
20120627	2452.67	2470.76	2444.34	2447.20	30007553	31437596672.000
20120628	2451.66	2459.19	2425.24	2425.73	30543113	34418794496.000
20120629	2418.86	2462.81	2417.49	2461.61	37994941	40976539648.000
20120702	2473.54	2473.97	2452.99	2465.24	40510078	45651476480.000
20120703	2464.85	2490.55	2457.45	2468.72	38693354	45004652544.000
20120704	2474.53	2481.34	2456.00	2464.92	34452142	37837660160.000
20120705	2450.30	2450.30	2420.00	2430.37	34726145	35946205184.000
20120706	2435.06	2477.23	2420.36	2472.61	49610605	56601780224.000
20120709	2455.89	2470.21	2414.95	2416.04	49223302	54601732096.000
20120710	2411.00	2426.53	2402.37	2406.71	35549984	38539026432.000
20120711	2402.18	2427.79	2402.15	2425.57	37624312	39851892736.000
20120712	2420.04	2460.56	2404.58	2449.18	56717691	65137537024.000
20120713	2441.01	2467.99	2438.98	2450.63	36725256	42013581312.000
20120716	2452.59	2452.59	2399.61	2399.73	42771870	45844881408.000
20120717	2391.90	2421.93	2391.28	2414.20	33424329	38285443072.000
20120718	2412.06	2420.78	2373.65	2414.33	41751788	44325490688.000
20120719	2407.44	2444.06	2401.29	2424.32	46949052	47704039424.000
20120720	2415.71	2423.80	2392.18	2398.46	37619754	36683624448.000
20120723	2379.89	2379.89	2357.51	2365.43	32390369	33178929152.000
20120724	2353.22	2392.35	2352.80	2375.99	30310079	31149105152.000
20120725	2368.38	2381.04	2357.47	2360.08	24896501	25730598912.000
20120726	2360.13	2374.87	2344.70	2347.49	31314094	31326394368.000
20120727	2353.94	2364.98	2341.29	2349.11	31090525	33048182784.000
20120730	2350.78	2367.03	2334.00	2335.79	30484851	29907972096.000
20120731	2336.88	2350.07	2329.50	2332.92	32099723	31196332032.000
20120801	2332.13	2371.12	2331.95	2358.65	31420848	31277764608.000
20120802	2354.07	2358.56	2325.61	2334.88	31516159	29751166976.000
20120803	2340.25	2354.16	2329.93	2353.74	29769785	31106947072.000
20120806	2350.12	2388.36	2348.12	2385.61	41820665	43686686720.000
20120807	2383.26	2390.78	2379.45	2388.87	38285489	40403709952.000
20120808	2390.96	2405.18	2382.82	2389.79	37810451	41340862464.000
20120809	2388.43	2412.14	2378.85	2411.70	35658951	43256098816.000
20120810	2409.94	2413.42	2395.91	2399.75	34702995	40699224064.000
20120813	2394.50	2394.50	2350.81	2351.93	44783546	46249676800.000
20120814	2352.66	2357.85	2324.91	2357.02	39850066	42404687872.000
20120815	2350.02	2350.02	2330.15	2331.61	30580176	30332555264.000
20120816	2327.91	2335.40	2317.06	2319.67	25902905	27076003840.000
20120817	2318.43	2322.89	2295.16	2313.48	26065717	28629966848.000
20120820	2294.90	2307.41	2279.95	2301.79	27402033	27174817792.000
20120821	2301.93	2327.38	2296.55	2313.70	34895100	34757869568.000
20120822	2315.14	2317.37	2285.75	2295.59	31708412	31547518976.000
20120823	2298.18	2311.65	2285.37	2302.20	31335342	33789603840.000
20120824	2295.68	2299.30	2274.57	2275.68	31869591	32986337280.000
20120827	2268.49	2268.49	2228.15	2228.20	37386191	35384156160.000
20120828	2226.90	2250.60	2222.00	2238.41	33773615	30331076608.000
20120829	2230.20	2240.11	2214.43	2214.81	29010648	27396186112.000
20120830	2204.51	2223.20	2188.72	2211.37	35491310	33867206656.000
20120831	2205.57	2218.87	2203.12	2204.87	25964986	23340890112.000
20120903	2201.12	2236.56	2197.71	2228.37	38548592	35299176448.000
20120904	2231.72	2234.88	2199.51	2204.41	34852688	33220204544.000
20120905	2199.74	2209.54	2186.96	2199.88	34751824	30445168640.000
20120906	2204.44	2218.68	2199.86	2217.82	31695884	26873315328.000
20120907	2233.91	2341.52	2233.91	2317.18	94529764	84302249984.000
20120910	2320.56	2334.50	2313.57	2326.67	65330554	63252037632.000
20120911	2316.53	2316.53	2294.82	2311.89	46260719	43389767680.000
20120912	2325.93	2337.20	2298.30	2320.07	49622518	46485176320.000
20120913	2316.68	2325.53	2298.37	2298.46	42049849	38023999488.000
20120914	2324.01	2332.42	2298.83	2315.54	61571814	55438614528.000
20120917	2312.05	2314.99	2258.18	2258.71	48984734	43753168896.000
20120918	2249.43	2253.14	2228.04	2235.24	33228696	30171496448.000
20120919	2237.22	2249.24	2229.49	2246.24	34349706	32607010816.000
20120920	2236.19	2236.19	2194.22	2195.95	42545779	38385856512.000
20120921	2190.33	2217.47	2186.53	2199.06	38120593	34043367424.000
20120924	2183.97	2225.80	2172.88	2215.52	37501686	33608761344.000
20120925	2209.98	2225.33	2202.38	2210.15	27877019	26677063680.000
20120926	2208.91	2216.82	2181.08	2184.89	27454626	24918917120.000
20120927	2186.00	2266.30	2185.77	2251.72	53016900	48210579456.000
20120928	2235.06	2297.03	2234.32	2293.11	57875825	54431465472.000
20121008	2291.96	2305.18	2258.11	2270.05	35534424	33915840512.000
20121009	2281.75	2327.73	2281.75	2320.16	52548887	48330194944.000
20121010	2314.59	2325.75	2304.61	2324.12	42686238	37873995776.000
20121011	2315.90	2321.35	2300.93	2302.53	41300655	36172963840.000
20121012	2311.28	2332.15	2287.01	2304.53	36874145	33205903360.000
20121015	2306.01	2307.88	2278.46	2294.86	28651746	28569022464.000
20121016	2293.24	2315.45	2287.59	2298.16	32059679	32705140736.000
20121017	2307.36	2312.17	2280.82	2300.80	33349409	31270899712.000
20121018	2307.49	2341.12	2305.88	2336.08	50615100	45050294272.000
20121019	2335.11	2342.53	2328.73	2332.47	35927732	33173030912.000
20121022	2320.47	2347.90	2315.90	2341.59	34368286	32815273984.000
20121023	2340.89	2344.04	2309.25	2312.08	37221272	33716877312.000
20121024	2303.40	2321.43	2302.17	2307.78	37542445	30392377344.000
20121025	2306.73	2322.92	2288.60	2291.24	44351531	33183528960.000
20121026	2291.31	2293.18	2237.06	2247.91	40900519	34530066432.000
20121029	2241.80	2248.14	2227.65	2235.85	27581325	25328650240.000
20121030	2236.32	2257.95	2231.78	2239.88	34083125	29516627968.000
20121031	2241.43	2256.10	2233.68	2254.82	37169795	30634360832.000
20121101	2256.61	2305.63	2256.41	2297.88	50761729	45602140160.000
20121102	2297.90	2309.67	2284.72	2306.77	39833288	34893877248.000
20121105	2302.74	2318.23	2290.14	2301.88	39510372	33663152128.000
20121106	2301.98	2304.05	2260.51	2292.21	39280627	34473381888.000
20121107	2288.76	2300.89	2277.02	2287.50	33067403	30278449152.000
20121108	2269.58	2275.40	2245.40	2245.41	35426475	30411864064.000
20121109	2241.76	2252.20	2235.23	2240.92	30506968	24374278144.000
20121112	2242.96	2254.70	2232.74	2251.85	34721685	29040822272.000
20121113	2250.84	2250.84	2208.72	2212.44	34083704	28818452480.000
20121114	2213.09	2225.12	2206.00	2223.11	26758790	23592323072.000
20121115	2210.75	2220.99	2193.52	2193.62	28319151	23778695168.000
20121116	2189.51	2191.61	2162.98	2177.24	30247786	26118246400.000
20121119	2175.18	2176.49	2149.54	2174.99	26978666	26737221632.000
20121120	2180.21	2184.33	2163.53	2164.88	23948916	22999195648.000
20121121	2165.41	2195.46	2151.38	2194.90	30508482	27121950720.000
20121122	2181.18	2185.58	2169.66	2177.55	22912351	21536153600.000
20121123	2184.41	2202.47	2179.73	2192.68	28667493	26307629056.000
20121126	2187.24	2191.36	2172.10	2175.60	24742696	22231498752.000
20121127	2168.59	2173.46	2150.22	2150.64	31946746	26149734400.000
20121128	2142.50	2144.80	2126.03	2129.16	30009339	24423321600.000
20121129	2128.80	2140.88	2114.48	2115.68	29670625	24016257024.000
20121130	2114.24	2142.86	2109.96	2139.66	36406911	28552067072.000
20121203	2136.70	2152.61	2108.15	2108.85	40186762	34173652992.000
20121204	2104.93	2135.66	2102.14	2131.47	36225915	31732336640.000
20121205	2128.39	2219.09	2126.79	2207.88	82487103	69109047296.000
20121206	2205.61	2216.98	2191.23	2203.60	48574689	42758569984.000
20121207	2203.89	2250.53	2198.11	2246.76	76169748	64996499456.000
20121210	2254.92	2276.28	2250.44	2271.05	73375475	61399773184.000
20121211	2263.21	2274.99	2254.30	2258.50	51468703	45087981568.000
20121212	2257.73	2273.21	2247.95	2267.77	45006454	39182536704.000
20121213	2260.60	2266.72	2242.56	2242.64	41942100	36665683968.000
20121214	2245.64	2357.11	2245.64	2355.87	110892562	93934739456.000
20121217	2359.20	2380.00	2358.66	2366.70	94088195	85000822784.000
20121218	2361.10	2398.63	2347.08	2368.12	85784849	78802837504.000
20121219	2362.80	2387.14	2358.03	2371.11	63292530	61140746240.000
20121220	2361.32	2391.92	2346.55	2384.82	65655462	63028690944.000
20121221	2386.38	2414.22	2365.03	2372.00	68714158	66887708672.000
20121224	2368.01	2396.73	2367.04	2381.22	53087004	54121541632.000
20121225	2373.88	2459.30	2365.41	2448.40	95502350	89877774336.000
20121226	2445.99	2458.01	2441.64	2457.62	71591828	68406243328.000
20121227	2464.78	2479.79	2443.68	2444.59	73255067	69327601664.000
20121228	2448.08	2481.59	2444.38	2480.05	67166321	66053287936.000
20121231	2485.56	2522.95	2485.56	2522.95	82002293	81149083648.000
20130104	2551.81	2558.53	2498.89	2524.41	97988182	95579242496.000
20130107	2518.05	2545.97	2511.60	2535.99	75167993	73167511552.000
20130108	2534.65	2540.51	2502.49	2525.33	71837100	76498059264.000
20130109	2518.10	2534.24	2504.30	2526.13	70231170	74233593856.000
20130110	2525.59	2553.35	2513.73	2530.57	71085862	71159046144.000
20130111	2533.50	2539.79	2473.70	2483.23	74239176	72775925760.000
20130114	2474.18	2583.63	2474.00	2577.73	93554091	96853475328.000
20130115	2579.13	2605.41	2576.92	2595.86	98620805	101356961792.000
20130116	2591.37	2600.09	2540.52	2577.09	93536084	95564996608.000
20130117	2570.71	2575.06	2539.67	2552.76	69915239	71716118528.000
20130118	2568.69	2607.45	2553.45	2595.44	77940303	77435166720.000
20130121	2605.65	2611.20	2582.65	2610.90	84133742	85357445120.000
20130122	2610.39	2620.02	2578.18	2596.90	105766275	102261161984.000
20130123	2588.20	2611.41	2576.36	2607.46	75739444	72758927360.000
20130124	2606.43	2663.40	2564.21	2582.75	111277172	109537681408.000
20130125	2580.88	2591.51	2567.11	2571.67	58487359	60689375232.000
20130128	2577.27	2651.97	2577.27	2651.86	91274790	98173272064.000
20130129	2655.38	2685.53	2646.15	2675.87	101040229	108827009024.000
20130130	2678.43	2689.68	2662.06	2688.71	99874990	100856651776.000
20130131	2690.95	2696.88	2671.33	2686.88	96740101	94476820480.000
20130201	2677.19	2744.32	2671.27	2743.32	103879515	110560935936.000
20130204	2753.69	2768.50	2731.08	2748.03	127939179	136119590912.000
20130205	2727.93	2779.95	2725.36	2771.68	116130819	112701169664.000
20130206	2771.91	2787.46	2765.74	2775.84	82779271	88989581312.000
20130207	2771.53	2775.97	2722.87	2759.87	89978142	95978594304.000
20130208	2755.65	2791.30	2747.95	2771.73	77429644	82903629824.000
20130218	2784.06	2787.74	2731.51	2737.47	76438227	81001365504.000
20130219	2735.04	2740.74	2674.34	2685.61	80626431	82460811264.000
20130220	2686.09	2703.10	2665.23	2702.64	70019377	73636364288.000
20130221	2675.74	2675.74	2584.76	2610.55	100657984	103619502080.000
20130222	2607.65	2618.48	2591.15	2596.60	60204852	65899102208.000
20130225	2607.15	2628.70	2590.79	2604.96	53161942	55614492672.000
20130226	2587.38	2631.09	2564.67	2567.60	80003065	83373957120.000
20130227	2576.05	2615.25	2569.38	2594.68	63226743	64612274176.000
20130228	2611.94	2673.71	2594.00	2673.33	86922595	92235374592.000
20130301	2671.84	2680.85	2627.00	2668.84	73343753	80342745088.000
20130304	2619.42	2619.57	2528.69	2545.72	110619103	112585039872.000
20130305	2547.89	2623.17	2541.77	2622.81	89661152	92357132288.000
20130306	2634.87	2658.14	2620.43	2650.20	95829652	95048892416.000
20130307	2639.78	2658.97	2592.87	2619.48	94082666	96498098176.000
20130308	2622.68	2632.62	2601.96	2606.93	59429557	63054594048.000
20130311	2600.28	2611.65	2574.17	2592.37	50946436	52460900352.000
20130312	2590.39	2619.51	2530.25	2555.62	71935141	71675125760.000
20130313	2551.73	2556.77	2515.06	2527.49	56430460	56003723264.000
20130314	2517.75	2546.70	2514.46	2534.27	47605756	49929777152.000
20130315	2533.72	2600.09	2504.46	2539.87	81372185	82749874176.000
20130318	2526.08	2544.62	2499.83	2502.49	59812778	63093555200.000
20130319	2507.40	2532.07	2491.85	2525.10	54536476	55601012736.000
20130320	2526.97	2610.17	2526.83	2610.17	90700622	91271020544.000
20130321	2611.58	2626.54	2598.51	2614.99	69552756	71642669056.000
20130322	2612.26	2625.53	2603.34	2618.31	55647141	55882141696.000
20130325	2628.41	2641.61	2607.61	2613.10	56261402	58004930560.000
20130326	2601.96	2607.36	2554.97	2575.05	63962961	65306570752.000
20130327	2575.73	2611.94	2566.35	2583.53	56906517	58652246016.000
20130328	2535.99	2535.99	2495.08	2499.30	87578405	84725899264.000
20130329	2502.78	2509.11	2482.49	2495.08	52402137	52055539712.000
20130401	2486.43	2507.82	2483.73	2493.19	47346022	47159820288.000
20130402	2495.84	2524.46	2475.00	2486.39	55684152	55637393408.000
20130403	2493.88	2507.14	2474.93	2483.55	45564221	45156720640.000
20130408	2443.24	2473.31	2429.50	2472.30	53296772	55249297408.000
20130409	2477.29	2505.29	2477.29	2489.43	52389824	54947037184.000
20130410	2487.98	2495.57	2466.19	2485.31	47504913	51963822080.000
20130411	2502.50	2508.59	2476.40	2477.88	42989958	43039948800.000
20130412	2476.32	2489.12	2460.18	2462.11	39917278	40428048384.000
20130415	2453.97	2461.67	2430.15	2436.82	46539734	44084842496.000
20130416	2419.51	2461.05	2416.62	2459.59	55280613	53783257088.000
20130417	2457.88	2465.20	2437.35	2458.47	44692164	46800830464.000
20130418	2440.71	2478.41	2434.73	2464.85	42860707	46270136320.000
20130419	2469.95	2542.45	2469.32	2533.83	75520876	76723675136.000
20130422	2525.11	2539.05	2518.26	2530.67	62511883	63027023872.000
20130423	2532.20	2532.20	2448.20	2449.47	60653982	61576159232.000
20130424	2452.78	2511.20	2446.59	2495.58	63050916	62189420544.000
20130425	2486.86	2505.48	2456.57	2467.88	60557927	59891286016.000
20130426	2477.72	2488.58	2439.80	2447.31	47123378	46351986688.000
20130502	2434.60	2453.75	2423.08	2449.64	47016088	47200448512.000
20130503	2457.54	2521.12	2457.54	2492.91	62330091	63267041280.000
20130506	2502.98	2533.86	2500.46	2525.98	60418780	61767950336.000
20130507	2519.36	2539.30	2507.76	2529.94	54490643	59244949504.000
20130508	2542.27	2562.01	2531.25	2542.80	59554294	60309147648.000
20130509	2542.37	2543.30	2507.79	2527.79	60240145	64438292480.000
20130510	2519.52	2546.98	2515.16	2540.84	48816728	50896691200.000
20130513	2542.41	2547.60	2516.73	2530.77	54092147	55155093504.000
20130514	2526.00	2526.15	2479.87	2493.34	54880064	56144572416.000
20130515	2493.97	2507.43	2491.93	2506.93	44189660	47578587136.000
20130516	2501.12	2553.06	2487.76	2552.71	70796182	76830433280.000
20130517	2550.45	2598.71	2547.78	2592.05	81850801	83599368192.000
20130520	2597.15	2627.62	2590.05	2609.61	86337803	94059413504.000
20130521	2607.39	2617.40	2594.25	2614.85	71505994	75837816832.000
20130522	2613.41	2630.07	2603.75	2618.03	74191817	78224130048.000
20130523	2604.93	2624.08	2579.35	2582.85	84825370	81359904768.000
20130524	2591.42	2608.35	2572.88	2597.23	60739669	62831235072.000
20130527	2593.52	2611.97	2589.74	2599.59	64195080	66701651968.000
20130528	2600.63	2644.36	2585.90	2644.36	84196112	86756737024.000
20130529	2648.93	2661.23	2640.88	2642.56	79277709	81953849344.000
20130530	2633.96	2647.44	2623.58	2634.32	70146368	71045062656.000
20130531	2638.71	2645.56	2604.75	2606.43	62528533	65904435200.000
20130603	2605.97	2625.94	2596.05	2602.62	59774468	63008706560.000
20130604	2600.50	2600.50	2556.06	2565.67	66315750	63139418112.000
20130605	2565.33	2570.03	2545.19	2560.54	45637193	47367057408.000
20130606	2552.82	2557.68	2525.31	2527.85	52496529	54448111616.000
20130607	2526.91	2538.89	2475.69	2484.16	61030894	61366173696.000
20130613	2448.72	2448.72	2375.20	2399.94	69730066	64081596416.000
20130614	2404.42	2420.36	2396.49	2416.77	55964534	53686779904.000
20130617	2422.76	2427.53	2394.39	2403.84	50395711	51983757312.000
20130618	2413.09	2424.20	2393.32	2418.75	48630379	48792088576.000
20130619	2408.28	2408.28	2366.35	2400.76	54346260	52979990528.000
20130620	2386.10	2386.10	2320.23	2321.47	55201020	52171735040.000
20130621	2283.15	2332.84	2269.56	2317.39	58705798	53486133248.000
20130624	2308.07	2308.07	2164.32	2171.21	86597259	73731932160.000
20130625	2146.05	2169.21	2023.17	2165.42	107554882	87090397184.000
20130626	2170.33	2181.02	2131.86	2168.30	79256426	67298430976.000
20130627	2172.85	2200.21	2153.18	2160.74	75406753	62927081472.000
20130628	2149.03	2227.46	2139.37	2200.64	79451327	64106049536.000
20130701	2187.09	2213.97	2166.35	2213.32	57726227	51874734080.000
20130702	2211.80	2226.11	2191.80	2221.98	61838850	59632902144.000
20130703	2211.04	2211.04	2169.14	2203.83	65836022	59536760832.000
20130704	2187.18	2245.91	2176.08	2221.98	72581145	67189379072.000
20130705	2227.35	2252.03	2225.05	2226.85	61821775	58424401920.000
20130708	2194.42	2205.21	2162.19	2163.62	54782493	49288253440.000
20130709	2160.70	2174.79	2149.79	2162.67	41494433	37246189568.000
20130710	2163.10	2224.14	2157.47	2224.06	61149781	54373756928.000
20130711	2232.16	2351.22	2232.16	2326.69	125793192	111329812480.000
20130712	2319.02	2331.99	2274.07	2275.37	89733082	82064556032.000
20130715	2289.76	2336.04	2274.67	2307.30	74757884	71796187136.000
20130716	2300.83	2317.85	2281.94	2317.85	65624157	62085632000.000
20130717	2311.44	2326.93	2281.61	2282.84	67655248	63229063168.000
20130718	2272.95	2282.44	2241.93	2245.33	57144292	51937234944.000
20130719	2248.13	2257.92	2188.75	2190.48	70535282	66179072000.000
20130722	2170.09	2203.06	2159.81	2202.19	53283495	48872947712.000
20130723	2211.59	2276.74	2206.76	2265.85	74809731	69255421952.000
20130724	2253.38	2265.58	2217.19	2249.15	69592307	69279825920.000
20130725	2255.22	2268.84	2227.85	2237.68	65774316	60558364672.000
20130726	2226.43	2238.42	2209.81	2224.01	48941098	45636071424.000
20130729	2205.08	2205.08	2169.02	2175.97	54600925	49624612864.000
20130730	2184.01	2221.59	2162.98	2189.39	55193623	50907226112.000
20130731	2211.75	2235.38	2187.21	2193.02	48327055	46723493888.000
20130801	2206.00	2245.56	2200.63	2245.36	62603997	58944765952.000
20130802	2263.50	2274.71	2244.25	2247.26	60890893	58460000256.000
20130805	2249.98	2278.33	2243.22	2278.33	55342151	53623066624.000
20130806	2270.67	2302.48	2256.72	2293.64	73746895	68993572864.000
20130807	2292.38	2313.88	2276.86	2280.62	73048695	69560483840.000
20130808	2277.25	2297.63	2267.07	2276.78	53098430	52710277120.000
20130809	2288.51	2301.59	2258.33	2286.01	64600017	62663979008.000
20130812	2296.22	2352.89	2293.18	2352.79	97863216	94038908928.000
20130813	2352.88	2360.83	2340.73	2359.07	78393636	71178518528.000
20130814	2362.62	2386.60	2340.83	2349.08	75942128	71338221568.000
20130815	2348.84	2362.09	2319.78	2321.58	61951853	59411202048.000
20130816	2314.26	2423.08	2295.02	2304.14	120369563	104026775552.000
20130819	2286.20	2340.19	2284.08	2331.43	72483224	67064926208.000
20130820	2325.86	2353.41	2303.67	2312.47	73086345	67589705728.000
20130821	2320.58	2321.64	2291.05	2308.59	55007384	50886496256.000
20130822	2302.67	2329.14	2297.02	2303.93	55338104	51686309888.000
20130823	2314.87	2321.04	2251.92	2286.93	68967133	65459847168.000
20130826	2294.76	2336.38	2288.50	2335.62	70371043	66541010944.000
20130827	2332.80	2345.11	2322.46	2340.88	65990333	62575378432.000
20130828	2326.10	2345.36	2307.04	2328.06	89256174	80965558272.000
20130829	2338.56	2342.32	2308.15	2318.31	66085415	59719880704.000
20130830	2315.91	2334.41	2303.61	2313.91	87654515	76695994368.000
20130902	2319.96	2329.87	2297.45	2320.34	79510249	73575866368.000
20130903	2326.23	2354.86	2321.30	2354.50	80554005	72663982080.000
20130904	2352.54	2360.66	2345.44	2350.70	78725763	68509011968.000
20130905	2350.93	2351.22	2336.75	2341.74	62951383	59606065152.000
20130906	2336.77	2361.18	2335.93	2357.78	73340116	63916892160.000
20130909	2374.26	2449.25	2372.69	2440.61	149889640	127299543040.000
20130910	2446.45	2475.20	2435.83	2474.89	154855992	130648129536.000
20130911	2483.79	2504.47	2471.62	2482.89	166914974	142830288896.000
20130912	2480.47	2527.38	2469.72	2507.46	145173175	126115528704.000
20130913	2502.54	2515.78	2481.45	2488.90	110775049	98275008512.000
20130916	2501.08	2503.69	2467.13	2478.39	105383282	97043841024.000
20130917	2480.81	2481.71	2426.46	2427.32	99459982	93115105280.000
20130918	2426.04	2439.63	2407.24	2432.51	71040759	69341323264.000
20130923	2441.52	2473.16	2439.99	2472.29	80128352	80920690688.000
20130924	2470.72	2470.75	2420.08	2443.89	97853013	96769835008.000
20130925	2440.83	2455.04	2423.28	2429.03	90518418	89119219712.000
20130926	2422.63	2422.63	2382.53	2384.44	86236770	84183924736.000
20130927	2382.22	2402.20	2379.86	2394.97	65971508	66383990784.000
20130930	2406.21	2415.07	2397.22	2409.04	59513992	60990140416.000
20131008	2406.42	2446.70	2392.57	2441.81	84785506	84229906432.000
20131009	2432.94	2453.75	2424.77	2453.58	76277645	76128337920.000
20131010	2455.64	2455.98	2422.02	2429.32	90329706	89468018688.000
20131011	2442.36	2471.17	2439.63	2468.51	93388261	91811545088.000
20131014	2472.27	2483.13	2462.55	2472.54	100081301	99109158912.000
20131015	2475.32	2479.13	2449.42	2467.52	89173496	86100819968.000
20131016	2459.08	2459.08	2409.72	2421.37	88979834	83150848000.000
20131017	2432.65	2440.92	2407.78	2413.33	71222474	67722891264.000
20131018	2415.12	2435.71	2410.60	2426.05	60291630	59138752512.000
20131021	2431.92	2472.78	2423.56	2471.32	84909795	82223144960.000
20131022	2470.25	2470.25	2439.86	2445.89	90703029	83412049920.000
20131023	2451.56	2474.37	2412.48	2418.49	91545355	83286777856.000
20131024	2412.24	2422.94	2395.47	2400.51	64560821	60427235328.000
20131025	2400.52	2413.33	2353.99	2368.56	77070182	70778093568.000
20131028	2372.57	2377.25	2351.86	2365.95	62876152	56602099712.000
20131029	2369.22	2408.62	2327.90	2372.05	106737833	91741560832.000
20131030	2371.85	2407.85	2365.51	2407.47	92178126	75735064576.000
20131031	2398.40	2398.40	2370.23	2373.72	82736964	70393880576.000
20131101	2373.96	2395.00	2365.15	2384.96	63055762	57820024832.000
20131104	2397.21	2404.90	2376.36	2380.45	51798461	48959463424.000
20131105	2366.88	2385.69	2343.80	2383.77	62084488	56935550976.000
20131106	2371.32	2383.54	2352.79	2353.57	63776663	59536871424.000
20131107	2351.87	2356.67	2328.25	2340.55	54821747	50942570496.000
20131108	2329.08	2342.67	2306.04	2307.95	53788508	48564998144.000
20131111	2305.94	2325.23	2295.00	2315.89	45739457	42566549504.000
20131112	2319.36	2342.53	2316.60	2340.00	52687545	49854763008.000
20131113	2325.36	2325.56	2287.55	2288.12	59848831	53183049728.000
20131114	2291.27	2305.70	2279.01	2304.50	57310356	51945078784.000
20131115	2306.55	2377.21	2306.55	2350.73	86391771	83147857920.000
20131118	2367.88	2429.57	2361.04	2428.90	110034633	108549513216.000
20131119	2427.93	2427.93	2405.08	2412.16	78648296	79884935168.000
20131120	2428.77	2435.43	2406.42	2424.85	72291801	67741429760.000
20131121	2412.45	2415.38	2382.88	2409.99	87706677	82220523520.000
20131122	2415.29	2419.00	2393.58	2397.96	75000675	70052208640.000
20131125	2385.78	2418.85	2380.69	2388.63	66144734	63811264512.000
20131126	2387.83	2399.02	2380.41	2387.42	59185864	53334204416.000
20131127	2386.36	2422.81	2383.78	2414.48	75294088	70744776704.000
20131128	2419.15	2460.56	2417.24	2439.53	90660406	86852444160.000
20131129	2442.68	2446.40	2432.39	2438.94	61803746	61907374080.000
20131202	2423.97	2464.86	2397.01	2418.79	119655123	112921837568.000
20131203	2410.69	2448.33	2406.66	2442.78	74455752	72045232128.000
20131204	2439.82	2486.64	2434.69	2475.14	102650235	94783930368.000
20131205	2476.45	2481.75	2460.58	2468.20	77708932	72999927808.000
20131206	2463.04	2470.81	2445.62	2452.29	66114089	64843206656.000
20131209	2460.03	2468.95	2445.94	2450.87	57164884	57634537472.000
20131210	2456.23	2466.66	2444.53	2453.32	66941424	61236727808.000
20131211	2440.50	2440.50	2400.74	2412.76	68075144	62808850432.000
20131212	2406.77	2423.31	2402.77	2410.01	50147719	47481446400.000
20131213	2388.66	2416.26	2386.25	2406.64	51501196	47583526912.000
20131216	2408.68	2412.73	2367.43	2367.92	64581674	62107893760.000
20131217	2369.25	2373.29	2351.18	2356.38	48483891	46306074624.000
20131218	2356.70	2368.58	2350.45	2357.23	40015207	39675269120.000
20131219	2366.21	2370.99	2331.19	2332.41	48095680	45148868608.000
20131220	2335.05	2338.88	2278.10	2278.14	65204207	60862128128.000
20131223	2283.80	2295.76	2259.57	2284.60	45580285	44415344640.000
20131224	2291.13	2312.83	2270.25	2288.25	45599168	45173190656.000
20131225	2291.75	2305.61	2281.60	2305.11	44005326	41202982912.000
20131226	2299.97	2301.49	2263.92	2265.33	51497563	48603013120.000
20131227	2268.53	2315.18	2264.39	2303.48	53389157	51197947904.000
20131230	2313.38	2316.62	2295.64	2299.46	48414308	46156443648.000
20131231	2289.01	2333.07	2287.12	2330.03	56631070	57026486272.000
20140102	2323.43	2325.99	2310.65	2321.98	45194291	49012211712.000
20140103	2311.97	2314.84	2280.89	2290.78	59782645	57739710464.000
20140106	2286.37	2286.37	2229.33	2238.64	66300403	59979358208.000
20140107	2222.31	2246.79	2218.65	2238.00	43753103	42565648384.000
20140108	2240.64	2262.58	2228.42	2241.91	51348854	50691489792.000
20140109	2236.97	2258.89	2220.80	2222.22	55987041	54399492096.000
20140110	2216.52	2224.49	2200.22	2204.85	54169293	47572307968.000
20140113	2207.00	2222.07	2183.60	2193.68	50122772	46123003904.000
20140114	2192.84	2214.12	2179.91	2212.85	54049947	46785101824.000
20140115	2210.02	2215.90	2193.80	2208.94	48962395	45755916288.000
20140116	2209.45	2227.26	2201.56	2211.84	52298902	49842782208.000
20140117	2203.82	2205.97	2175.88	2178.49	50273155	46268157952.000
20140120	2173.65	2182.46	2156.46	2165.99	40560154	39157227520.000
20140121	2168.42	2197.92	2168.42	2187.41	40306247	38590992384.000
20140122	2190.43	2244.13	2187.53	2243.80	70641375	64803356672.000
20140123	2242.25	2248.92	2228.06	2231.89	56345951	55726415872.000
20140124	2225.76	2257.36	2222.89	2245.68	61167670	59563446272.000
20140127	2233.01	2233.23	2211.80	2215.92	70344246	63503990784.000
20140128	2220.78	2233.26	2205.97	2219.86	53269130	49408753664.000
20140129	2225.71	2233.06	2219.93	2227.78	50222717	48788684800.000
20140130	2223.16	2223.16	2200.22	2202.45	43632304	43475959808.000
20140207	2187.34	2212.50	2177.12	2212.48	50459315	49597108224.000
20140210	2221.54	2270.19	2221.54	2267.53	83065716	81103241216.000
20140211	2267.74	2296.52	2262.60	2285.56	99229829	92688965632.000
20140212	2286.19	2294.32	2276.44	2291.25	76592161	73487376384.000
20140213	2288.45	2307.47	2278.26	2279.55	96217789	87352123392.000
20140214	2278.40	2295.85	2274.43	2295.57	67082997	64613326848.000
20140217	2308.79	2315.58	2293.55	2311.65	87831666	86871351296.000
20140218	2310.31	2310.31	2276.11	2282.44	87049743	88107270144.000
20140219	2280.93	2317.42	2274.15	2308.66	99352561	88341897216.000
20140220	2314.09	2331.70	2286.20	2287.44	106439533	91771592704.000
20140221	2284.03	2287.87	2250.65	2264.29	76368993	69908185088.000
20140224	2246.72	2246.72	2194.16	2214.51	89215939	79599149056.000
20140225	2216.51	2225.21	2150.10	2157.91	93237551	88306573312.000
20140226	2147.74	2164.70	2137.08	2163.41	77993297	68640579584.000
20140227	2170.81	2180.06	2150.14	2154.11	90104296	81588002816.000
20140228	2149.45	2180.47	2133.55	2178.97	76668057	70216802304.000
20140303	2173.91	2194.22	2167.91	2190.37	82072314	69408743424.000
20140304	2183.86	2188.60	2161.59	2184.27	73069250	64691437568.000
20140305	2187.35	2189.09	2159.60	2163.98	61332015	55669678080.000
20140306	2159.40	2181.43	2136.45	2173.63	69093767	61495025664.000
20140307	2170.04	2189.39	2161.44	2168.36	64265177	58693177344.000
20140310	2149.68	2149.68	2095.07	2097.79	71416407	63086411776.000
20140311	2092.61	2118.79	2088.73	2108.66	57621243	53075783680.000
20140312	2102.80	2130.59	2090.76	2114.13	70069747	60115238912.000
20140313	2119.55	2149.44	2115.99	2140.33	69226028	59163095040.000
20140314	2129.87	2140.38	2109.57	2122.84	58617737	49805246464.000
20140317	2132.79	2143.20	2118.95	2143.04	52409445	47571288064.000
20140318	2146.12	2152.46	2134.92	2138.13	55354132	54188441600.000
20140319	2131.28	2131.28	2101.28	2120.87	59303905	55283945472.000
20140320	2116.19	2134.79	2086.50	2086.97	67631285	58951602176.000
20140321	2079.87	2163.23	2077.76	2158.80	104024807	83560513536.000
20140324	2161.90	2186.73	2150.87	2176.55	104491984	81203912704.000
20140325	2170.78	2191.49	2164.67	2174.44	86877510	67548475392.000
20140326	2181.23	2186.08	2165.22	2171.05	58276176	50116022272.000
20140327	2168.34	2186.89	2146.92	2155.71	71275132	62175858688.000
20140328	2154.51	2172.67	2144.58	2151.97	70086073	60123340800.000
20140331	2156.05	2165.25	2134.42	2146.30	55457488	48105021440.000
20140401	2143.72	2170.10	2141.15	2163.12	48866403	43659063296.000
20140402	2166.07	2182.68	2164.01	2180.73	65039257	56777150464.000
20140403	2188.64	2196.14	2160.75	2165.01	71536032	57708859392.000
20140404	2157.98	2186.15	2155.28	2185.47	47945888	43912626176.000
20140408	2179.92	2243.97	2178.91	2237.32	97219117	85692891136.000
20140409	2239.79	2246.79	2228.99	2238.62	66357268	61178630144.000
20140410	2241.45	2290.74	2229.51	2273.76	114545405	101616812032.000
20140411	2269.56	2281.11	2261.13	2270.67	90615897	86154854400.000
20140414	2267.94	2275.83	2255.46	2268.61	62264998	60254150656.000
20140415	2261.41	2261.47	2225.69	2229.46	68218130	62599114752.000
20140416	2223.47	2245.31	2221.15	2232.53	51678010	47770218496.000
20140417	2238.78	2241.62	2221.95	2224.80	48333628	45096435712.000
20140418	2215.88	2228.77	2203.05	2224.48	50757995	45709615104.000
20140421	2209.94	2231.71	2186.75	2187.25	56278280	51856113664.000
20140422	2184.02	2196.85	2165.07	2196.79	57094694	52351991808.000
20140423	2191.23	2205.59	2187.39	2194.67	47763531	45191151616.000
20140424	2192.77	2209.45	2186.76	2190.47	45058911	41927012352.000
20140425	2195.81	2201.71	2167.64	2167.83	60245383	52092022784.000
20140428	2165.77	2171.39	2132.70	2134.97	60485187	49998811136.000
20140429	2134.41	2159.38	2131.78	2158.47	48204931	41550352384.000
20140430	2158.76	2164.18	2153.12	2158.66	45334624	39493021696.000
20140505	2152.59	2161.70	2131.23	2156.47	49344073	41470451712.000
20140506	2151.39	2173.62	2150.11	2157.33	48086519	41486450688.000
20140507	2151.47	2153.72	2136.99	2137.32	44607470	37751021568.000
20140508	2132.04	2168.21	2128.32	2135.50	48332452	40729772032.000
20140509	2138.84	2141.56	2120.60	2133.91	49181135	40242745344.000
20140512	2150.31	2184.33	2139.48	2180.05	83472560	66275508224.000
20140513	2180.06	2185.05	2167.77	2174.85	64912518	50241277952.000
20140514	2175.09	2184.22	2169.00	2172.37	48514206	39214125056.000
20140515	2169.28	2171.45	2142.34	2144.08	46734032	38938529792.000
20140516	2143.93	2150.50	2132.19	2145.95	42253197	34987585536.000
20140519	2139.36	2139.36	2105.71	2115.14	42893607	37135949824.000
20140520	2124.71	2131.57	2110.72	2115.77	37299683	31576338432.000
20140521	2106.76	2136.10	2096.51	2135.91	38946042	32246808576.000
20140522	2134.09	2160.91	2128.86	2130.87	46252736	39227551744.000
20140523	2130.77	2148.58	2128.66	2148.41	37623105	32420020224.000
20140526	2161.89	2165.42	2147.45	2155.98	39550656	37788483584.000
20140527	2154.40	2160.03	2145.75	2147.28	35897171	32374255616.000
20140528	2147.47	2171.17	2142.01	2169.35	50056260	45627621376.000
20140529	2171.26	2178.09	2154.93	2155.16	44891556	41076912128.000
20140530	2156.38	2166.91	2146.22	2156.46	43923863	39769198592.000
20140603	2157.64	2169.00	2149.29	2149.92	41982954	37906227200.000
20140604	2149.41	2149.45	2117.31	2128.27	41817249	35607023616.000
20140605	2126.61	2150.93	2123.52	2150.60	36477424	33050775552.000
20140606	2149.21	2149.78	2123.98	2134.72	35738058	32415598592.000
20140609	2128.23	2153.90	2126.67	2134.28	39311060	35326730240.000
20140610	2138.67	2161.53	2132.45	2161.27	50507902	44416139264.000
20140611	2156.15	2163.61	2152.08	2160.77	42563718	37311082496.000
20140612	2156.76	2160.99	2148.41	2153.41	43025843	37252042752.000
20140613	2150.99	2183.65	2150.57	2176.24	59252876	51765510144.000
20140616	2176.44	2196.34	2174.28	2191.86	63296875	56904298496.000
20140617	2185.68	2185.68	2168.45	2169.67	49933665	46244978688.000
20140618	2169.25	2172.55	2158.50	2160.24	49463897	42538094592.000
20140619	2161.43	2166.41	2119.50	2126.91	53162645	46029746176.000
20140620	2124.96	2137.03	2120.81	2136.73	42393719	35425714176.000
20140623	2137.93	2147.23	2132.45	2134.11	41179258	37112430592.000
20140624	2131.69	2145.21	2130.29	2144.82	40164356	38778507264.000
20140625	2141.73	2141.73	2126.03	2133.37	37666100	33809315840.000
20140626	2135.16	2151.11	2134.89	2149.08	44351166	40601837568.000
20140627	2146.37	2159.53	2138.93	2150.26	52722896	45525671936.000
20140630	2152.31	2168.22	2152.31	2165.12	54304188	50277572608.000
20140701	2169.20	2171.15	2157.13	2164.56	53323100	49936285696.000
20140702	2164.00	2171.51	2155.61	2170.87	59685501	53273657344.000
20140703	2169.00	2184.96	2164.84	2180.19	63690690	56024940544.000
20140704	2180.45	2183.80	2174.07	2178.70	52851106	47990034432.000
20140707	2178.55	2186.20	2171.08	2176.29	50242334	47663878144.000
20140708	2174.83	2180.78	2163.36	2180.47	50743599	46017265664.000
20140709	2178.14	2178.51	2148.26	2148.71	62022046	58980249600.000
20140710	2146.60	2151.77	2139.52	2142.85	55732497	50931666944.000
20140711	2136.32	2154.74	2134.79	2148.01	61374274	51551825920.000
20140714	2149.54	2171.90	2145.28	2171.76	66158863	60467089408.000
20140715	2170.09	2176.27	2165.21	2174.98	71815694	64304873472.000
20140716	2172.82	2183.25	2166.77	2170.87	81560230	61126053888.000
20140717	2166.83	2166.93	2147.08	2157.07	59453568	46354644992.000
20140718	2147.66	2176.32	2145.45	2164.14	65473295	53758918656.000
20140721	2164.22	2171.94	2158.96	2166.29	54172260	47731630080.000
20140722	2162.44	2197.59	2162.24	2192.70	78542583	66806116352.000
20140723	2191.39	2210.28	2190.55	2197.83	84213872	69177999360.000
20140724	2199.83	2239.81	2199.83	2237.01	119435534	99964370944.000
20140725	2243.07	2260.89	2239.07	2260.45	98972838	81994563584.000
20140728	2272.38	2331.47	2272.38	2323.90	179869333	145277419520.000
20140729	2326.04	2342.77	2316.22	2331.37	134269641	112176545792.000
20140730	2324.69	2339.04	2316.06	2322.01	123022832	103362306048.000
20140731	2321.97	2350.55	2316.58	2350.25	110987769	93135568896.000
20140801	2341.23	2371.50	2328.97	2329.40	126317390	106125189120.000
20140804	2336.63	2375.62	2332.14	2375.62	116713754	101301886976.000
20140805	2376.80	2380.77	2353.79	2369.35	111861789	97906974720.000
20140806	2358.21	2371.67	2334.33	2363.22	116341829	96681295872.000
20140807	2363.61	2369.20	2326.27	2327.46	116729210	94254456832.000
20140808	2329.18	2339.27	2319.29	2331.13	86739694	72605663232.000
20140811	2338.01	2367.00	2337.01	2365.35	91601171	82973900800.000
20140812	2361.17	2361.17	2344.72	2357.05	91822608	82973769728.000
20140813	2358.46	2370.51	2335.69	2358.90	110447789	94185267200.000
20140814	2357.20	2363.18	2334.08	2335.95	97969493	84251435008.000
20140815	2337.99	2366.90	2333.12	2360.64	93592546	81888215040.000
20140818	2366.27	2379.80	2361.20	2374.56	104509554	90148913152.000
20140819	2378.89	2379.47	2358.97	2374.77	115850020	102742761472.000
20140820	2371.65	2375.48	2360.84	2366.14	101288088	91374804992.000
20140821	2365.73	2367.46	2333.30	2354.24	100690211	92192063488.000
20140822	2352.32	2368.46	2350.99	2365.36	89823938	85642461184.000
20140825	2367.02	2367.61	2338.46	2342.86	97373717	85182496768.000
20140826	2339.60	2350.39	2317.18	2324.09	93844222	83135029248.000
20140827	2323.79	2336.74	2322.89	2327.60	67676221	62448676864.000
20140828	2328.06	2336.36	2309.64	2311.28	70490655	66195968000.000
20140829	2317.30	2338.77	2313.26	2338.29	63211423	58359967744.000
20140901	2340.93	2355.55	2338.53	2355.32	77320870	73362243584.000
20140902	2359.86	2387.66	2349.95	2386.46	114436733	106925793280.000
20140903	2389.69	2414.26	2389.68	2408.84	129734204	123629191168.000
20140904	2411.93	2427.30	2404.08	2426.22	111272298	108294701056.000
20140905	2433.17	2450.63	2427.99	2449.26	133551764	123349319680.000
20140909	2452.23	2454.89	2437.08	2445.22	118194344	107795210240.000
20140910	2435.59	2437.08	2422.65	2432.43	109175517	97472684032.000
20140911	2430.68	2461.47	2417.27	2423.45	132982583	127203385344.000
20140912	2418.75	2438.36	2412.62	2438.36	109160170	96625762304.000
20140915	2433.00	2439.25	2418.96	2437.19	122247159	112507691008.000
20140916	2440.34	2442.92	2386.98	2388.76	186742791	147250167808.000
20140917	2395.36	2405.37	2379.09	2401.33	125269028	98039472128.000
20140918	2396.38	2414.95	2389.62	2408.66	115926376	92105334784.000
20140919	2409.31	2430.15	2402.31	2425.21	101813577	88221040640.000
20140922	2419.33	2419.33	2374.11	2378.92	102240870	88958058496.000
20140923	2379.52	2402.48	2379.52	2399.46	84033341	75463680000.000
20140924	2391.42	2443.98	2387.07	2441.86	142713530	120389935104.000
20140925	2453.42	2462.67	2429.59	2436.97	138661891	119612628992.000
20140926	2430.81	2439.65	2420.50	2437.20	100299494	87757381632.000
20140929	2443.91	2453.67	2435.61	2447.80	123401727	111463776256.000
20140930	2452.17	2454.89	2444.20	2450.99	115804229	101906554880.000
20141008	2460.87	2478.38	2445.27	2478.38	121953604	116500111360.000
20141009	2480.20	2488.11	2461.11	2481.96	137923920	120752627712.000
20141010	2472.10	2482.14	2457.68	2466.79	147634307	121924976640.000
20141013	2457.41	2460.39	2430.55	2454.95	131593362	112784482304.000
20141014	2451.09	2467.90	2436.34	2446.56	127393705	106356645888.000
20141015	2444.54	2465.50	2431.19	2463.87	135801882	114837291008.000
20141016	2448.97	2480.30	2441.82	2444.40	158166603	128340525056.000
20141017	2443.22	2456.11	2410.40	2441.73	132759988	112685629440.000
20141020	2448.45	2456.62	2441.90	2454.71	91435401	84843601920.000
20141021	2453.41	2459.25	2432.55	2433.39	96241912	86622199808.000
20141022	2434.89	2447.47	2417.56	2418.64	88656193	82251743232.000
20141023	2415.44	2424.66	2392.53	2395.94	103491839	86045450240.000
20141024	2397.85	2404.99	2385.73	2390.71	74974869	65601224704.000
20141027	2377.54	2377.54	2361.68	2368.83	73862447	65956478976.000
20141028	2373.16	2416.77	2373.16	2416.65	101523055	90529906688.000
20141029	2423.81	2461.27	2415.70	2451.38	158584062	134541721600.000
20141030	2450.36	2474.38	2443.76	2468.93	189626353	139157356544.000
20141031	2473.50	2512.19	2466.50	2508.32	239172412	181604614144.000
20141103	2515.82	2524.17	2502.06	2512.55	205801228	151406837760.000
20141104	2511.04	2517.46	2498.61	2513.17	218247005	155291877376.000
20141105	2516.87	2519.40	2499.23	2503.45	190491862	146130894848.000
20141106	2505.17	2510.99	2482.98	2506.07	149651117	118839205888.000
20141107	2508.76	2541.55	2489.42	2502.15	208760911	176868671488.000
20141110	2529.83	2565.73	2514.71	2565.73	226599735	187612561408.000
20141111	2578.44	2602.37	2532.57	2558.61	323711656	265840508928.000
20141112	2545.40	2594.32	2539.60	2594.32	184686261	157847388160.000
20141113	2597.39	2607.52	2567.46	2579.75	219815615	192985448448.000
20141114	2569.21	2581.93	2557.67	2581.09	165049965	145409933312.000
20141117	2613.51	2614.09	2565.94	2567.10	158478095	147724648448.000
20141118	2565.27	2570.21	2534.93	2541.42	142941356	124246646784.000
20141119	2538.23	2550.50	2531.32	2537.22	122146974	113031725056.000
20141120	2528.78	2545.47	2522.84	2537.10	106149864	98145542144.000
20141121	2537.54	2585.36	2530.03	2583.46	151028139	143750807552.000
20141124	2614.16	2667.67	2602.94	2649.26	279839720	264974909440.000
20141125	2650.08	2686.06	2643.84	2685.56	222611699	206879211520.000
20141126	2695.26	2723.36	2690.31	2723.02	243962485	239333900288.000
20141127	2737.03	2754.49	2718.70	2754.49	265464730	261164875776.000
20141128	2753.93	2809.54	2740.37	2808.82	375323662	330256023552.000
20141201	2825.61	2855.33	2808.65	2819.81	365487417	338833080320.000
20141202	2807.34	2944.51	2804.29	2923.94	361465322	341185200128.000
20141203	2936.12	3028.23	2912.25	2967.55	466156685	464857497600.000
20141204	2975.40	3104.89	2968.88	3104.35	426812928	433875550208.000
20141205	3143.97	3195.80	3011.94	3124.89	524881260	554362929152.000
20141208	3108.27	3270.88	3075.70	3252.88	484462344	515773693952.000
20141209	3233.10	3387.83	3074.52	3106.91	632874567	702150082560.000
20141210	3120.21	3229.05	3058.19	3221.55	425018708	477300097024.000
20141211	3185.16	3254.42	3158.44	3183.01	367091691	392944844800.000
20141212	3182.92	3239.45	3167.93	3193.23	301065325	337817436160.000
20141215	3176.83	3226.22	3143.30	3217.23	290193834	326668025856.000
20141216	3221.36	3303.40	3207.69	3303.40	358123847	425665724416.000
20141217	3325.82	3368.19	3275.74	3360.60	448140770	527748923392.000
20141218	3359.09	3393.71	3322.23	3345.93	355970207	416260456448.000
20141219	3345.63	3397.18	3280.92	3383.17	411211590	435516866560.000
20141222	3396.25	3455.21	3357.66	3394.48	549801671	537021087744.000
20141223	3358.80	3431.78	3316.91	3324.92	369736093	377227771904.000
20141224	3332.15	3340.36	3188.50	3230.39	317449587	339475791872.000
20141225	3254.48	3335.78	3226.32	3335.42	309799547	330128949248.000
20141226	3343.64	3453.34	3335.01	3445.84	384614124	438838427648.000
20141229	3502.18	3524.28	3405.84	3455.46	425015037	505004523520.000
20141230	3450.81	3491.83	3422.17	3457.55	328233873	394607788032.000
20141231	3462.39	3542.34	3452.50	3533.71	345934760	403710902272.000
20150105	3566.09	3669.04	3551.51	3641.54	451198098	519849803776.000
20150106	3608.43	3683.23	3587.23	3641.06	420962185	498529599488.000
20150107	3620.92	3671.19	3601.70	3643.79	320191232	398731706368.000
20150108	3650.07	3659.95	3552.10	3559.26	295003045	355831971840.000
20150109	3547.57	3689.75	3536.40	3546.72	349982672	430210580480.000
20150112	3531.51	3560.53	3461.32	3513.58	266567175	334257127424.000
20150113	3506.45	3550.16	3494.77	3514.04	187153965	250796670976.000
20150114	3522.91	3547.24	3471.56	3502.42	196012510	241285840896.000
20150115	3501.72	3604.12	3482.27	3604.12	237812338	303445344256.000
20150116	3616.25	3662.16	3601.26	3635.15	282681614	355568713728.000
20150119	3414.01	3497.25	3330.98	3355.16	329505275	366017544192.000
20150120	3336.79	3419.20	3325.68	3396.22	297843232	381917888512.000
20150121	3420.49	3557.79	3409.43	3548.89	337928210	425433694208.000
20150122	3551.05	3576.76	3520.05	3567.61	268853599	345026035712.000
20150123	3582.09	3627.81	3548.63	3571.73	280172172	361835560960.000
20150126	3580.12	3611.62	3559.38	3607.99	239766203	309585707008.000
20150127	3614.04	3616.26	3510.02	3574.93	287669179	357548261376.000
20150128	3547.24	3583.31	3512.39	3525.32	216220214	278749151232.000
20150129	3474.92	3505.58	3453.90	3481.80	211618860	251897921536.000
20150130	3496.89	3514.22	3431.94	3434.39	196479157	237420789760.000
20150202	3360.19	3407.26	3347.08	3353.96	195183699	224837763072.000
20150203	3388.60	3441.71	3360.72	3437.45	192846096	241100029952.000
20150204	3446.14	3476.82	3399.56	3401.77	191304349	244034289664.000
20150205	3487.95	3487.95	3366.86	3366.95	250430609	311523672064.000
20150206	3352.33	3374.05	3285.94	3312.42	192664186	221433184256.000
20150209	3305.73	3376.53	3298.60	3345.92	172353820	220766519296.000
20150210	3345.08	3407.18	3339.55	3406.94	159309088	199120683008.000
20150211	3415.98	3445.66	3412.14	3434.12	144613772	185979224064.000
20150212	3435.36	3453.58	3405.63	3442.87	156081691	191285870592.000
20150213	3458.83	3509.50	3452.08	3469.83	201089971	247076159488.000
20150216	3473.29	3504.48	3466.61	3499.48	165641343	222799724544.000
20150217	3511.54	3536.82	3511.09	3522.32	165328313	214457270272.000
20150225	3529.55	3529.55	3463.96	3478.73	165539351	211739066368.000
20150226	3473.71	3569.33	3456.87	3566.29	229328438	279809064960.000
20150227	3565.23	3594.81	3560.46	3572.84	222786438	271861940224.000
20150302	3603.45	3608.69	3566.53	3601.26	248176125	325164892160.000
20150303	3579.31	3579.31	3504.20	3507.90	261866489	335700131840.000
20150304	3514.67	3540.91	3497.17	3530.82	199663981	257468792832.000
20150305	3513.25	3517.08	3467.68	3496.34	217508805	279030595584.000
20150306	3501.18	3516.24	3472.39	3478.52	181518054	233468248064.000
20150309	3449.70	3546.71	3417.49	3537.75	233940411	277860483072.000
20150310	3523.64	3551.21	3511.99	3520.61	194267657	245366620160.000
20150311	3524.57	3568.92	3512.22	3524.65	188947825	235772755968.000
20150312	3557.69	3603.34	3536.53	3592.84	265664625	322141257728.000
20150313	3604.67	3641.39	3594.74	3617.66	246864768	297298526208.000
20150316	3641.77	3705.74	3621.12	3705.67	275438307	358497583104.000
20150317	3733.96	3762.57	3716.81	3757.12	371625666	455003832320.000
20150318	3769.09	3846.05	3763.85	3846.05	415190011	484465541120.000
20150319	3851.25	3859.13	3809.71	3839.74	391547630	463212806144.000
20150320	3852.49	3916.86	3832.42	3892.57	401817552	544468369408.000
20150323	3923.08	3972.30	3922.21	3972.06	391119922	519760216064.000
20150324	3980.07	3989.86	3883.78	3973.05	468581312	591066824704.000
20150325	3961.58	3980.72	3913.99	3940.41	379968851	501733883904.000
20150326	3921.75	3992.00	3892.88	3950.00	346756315	468538490880.000
20150327	3957.54	3993.03	3932.87	3971.70	298756064	393132343296.000
20150330	3999.02	4101.65	3999.02	4088.18	428297020	546211069952.000
20150331	4138.88	4166.02	4037.77	4051.20	436065635	598121709568.000
20150401	4057.50	4139.50	4046.94	4123.90	329512853	466596888576.000
20150402	4149.95	4156.84	4068.65	4124.78	339070487	476617834496.000
20150403	4104.67	4170.56	4092.38	4170.54	321303766	466965594112.000
20150407	4213.89	4260.47	4197.02	4260.04	415362654	564646313984.000
20150408	4277.45	4304.78	4204.83	4295.80	458676715	658308071424.000
20150409	4316.96	4332.17	4212.61	4262.14	439699902	650419175424.000
20150410	4249.38	4351.69	4231.20	4344.42	348190170	509354278912.000
20150413	4394.05	4432.02	4361.59	4421.07	434153036	598518136832.000
20150414	4432.13	4474.35	4385.91	4438.18	434432126	602127466496.000
20150415	4439.31	4476.00	4379.61	4380.51	472154131	596822851584.000
20150416	4355.49	4513.77	4335.63	4513.55	422603748	564722860032.000
20150417	4578.68	4630.27	4553.90	4596.14	552802663	733953589248.000
20150420	4615.03	4671.17	4492.60	4521.92	686439075	939264901120.000
20150421	4520.46	4620.06	4504.56	4619.16	490314991	685365002240.000
20150422	4637.06	4740.93	4632.59	4739.81	516213792	769924792320.000
20150423	4764.48	4782.04	4693.97	4740.89	497430954	752258252800.000
20150424	4682.63	4730.43	4618.32	4702.64	480152936	721273094144.000
20150427	4753.87	4810.48	4735.31	4807.59	513076548	765910384640.000
20150428	4811.32	4839.08	4703.57	4741.86	608638545	860349857792.000
20150429	4722.90	4797.93	4695.79	4774.33	395056980	601676382208.000
20150430	4788.41	4818.73	4749.48	4749.89	399727444	612511383552.000
20150504	4757.64	4795.92	4699.40	4787.74	377843853	565453389824.000
20150505	4785.19	4785.19	4572.98	4596.84	460419626	660020199424.000
20150506	4626.23	4700.91	4511.76	4553.33	376073702	586033987584.000
20150507	4520.82	4546.34	4467.46	4470.09	297759203	427189960704.000
20150508	4515.55	4559.06	4445.59	4558.40	302407967	452090691584.000
20150511	4582.09	4690.95	4535.15	4690.53	373838420	583260438528.000
20150512	4692.12	4748.00	4660.02	4747.42	377053891	607123275776.000
20150513	4746.71	4758.00	4678.85	4718.44	370730424	590479818752.000
20150514	4717.96	4735.28	4670.17	4700.78	337725152	513219657728.000
20150515	4690.75	4690.75	4592.05	4617.47	328431166	506695024640.000
20150518	4582.06	4623.38	4565.06	4575.14	269180489	434083135488.000
20150519	4577.64	4740.00	4577.64	4731.22	314785952	524232163328.000
20150520	4751.57	4843.10	4745.21	4754.92	363180748	589956251648.000
20150521	4768.69	4841.62	4746.03	4840.98	305054537	505346097152.000
20150522	4895.92	4951.99	4870.60	4951.33	455846718	719129935872.000
20150525	4949.11	5099.84	4949.11	5099.50	465736590	757085831168.000
20150526	5140.80	5199.29	5063.15	5198.92	487949359	802295840768.000
20150527	5216.17	5226.84	5126.86	5181.43	470798730	777826336768.000
20150528	5174.10	5213.18	4831.33	4834.01	571829047	873207365632.000
20150529	4839.53	4924.30	4665.52	4840.83	427878859	636008136704.000
20150601	4862.76	5079.32	4835.77	5076.18	417503741	637843668992.000
20150602	5091.27	5162.56	5047.08	5161.87	412973196	658452840448.000
20150603	5176.60	5186.97	5059.50	5143.59	414258270	672056541184.000
20150604	5156.01	5194.23	4863.46	5181.42	482767268	735170658304.000
20150605	5254.90	5288.34	5104.18	5230.55	545961196	855224418304.000
20150608	5259.41	5370.61	5202.60	5353.75	637313237	949498019840.000
20150609	5379.47	5380.43	5251.21	5317.46	570427263	871431798784.000
20150610	5254.30	5374.83	5209.68	5309.11	442165676	711509278720.000
20150611	5305.14	5329.29	5248.16	5306.59	392338755	660584857600.000
20150612	5329.28	5351.65	5283.09	5335.12	430131386	694213148672.000
20150615	5354.01	5362.45	5207.31	5221.17	475745703	766237736960.000
20150616	5165.02	5204.30	5015.27	5064.82	411675638	651522539520.000
20150617	5072.31	5158.37	4949.29	5138.83	397124187	589868367872.000
20150618	5107.69	5121.22	4926.43	4930.55	364395814	555646779392.000
20150619	4847.06	4910.45	4634.69	4637.05	358104744	519609581568.000
20150623	4641.42	4786.96	4455.33	4786.09	365087944	536984125440.000
20150624	4811.60	4883.73	4744.31	4880.13	434638723	615374061568.000
20150625	4906.24	4919.26	4667.22	4706.52	446135982	640246415360.000
20150626	4573.87	4650.19	4278.67	4336.19	446639790	612959453184.000
20150629	4446.84	4451.17	4000.93	4191.55	525662482	704014516224.000
20150630	4161.07	4475.77	4016.01	4473.00	527045280	716045811712.000
20150701	4408.98	4526.13	4235.70	4253.02	431721411	623330590720.000
20150702	4287.73	4312.19	4000.06	4108.00	457062194	593506664448.000
20150703	4017.20	4164.63	3785.90	3885.92	429300850	538216857600.000
20150706	4218.27	4218.27	3832.47	3998.54	648094530	779558060032.000
20150707	3877.85	3960.64	3743.62	3928.00	679385007	795962638336.000
20150708	3651.06	3762.62	3612.25	3663.04	581467097	640122421248.000
20150709	3621.68	3930.26	3537.83	3897.63	503870610	564744028160.000
20150710	3916.27	4179.11	3887.55	4106.56	500701802	629079539712.000
20150713	4132.23	4278.16	4072.43	4211.81	502092186	659251724288.000
20150714	4178.63	4258.51	4062.50	4112.15	454422009	597521268736.000
20150715	4068.88	4114.24	3899.51	3966.76	421956367	514064547840.000
20150716	3949.64	4067.02	3856.32	3997.36	330531345	410050887680.000
20150717	4023.76	4190.19	4000.23	4151.50	331107131	435597115392.000
20150720	4157.06	4221.69	4106.39	4160.61	352673472	483493904384.000
20150721	4109.76	4201.48	4081.70	4166.01	318374945	431695855616.000
20150722	4148.56	4187.43	4094.71	4157.16	318945997	441832505344.000
20150723	4158.93	4262.06	4148.82	4250.81	354471759	483972218880.000
20150724	4255.20	4299.65	4154.62	4176.28	392045373	535901634560.000
20150727	4097.80	4156.31	3817.17	3818.73	365054511	477952016384.000
20150728	3690.97	3883.45	3627.42	3811.09	383527216	482654552064.000
20150729	3839.96	3934.00	3769.19	3930.38	276972845	372287864832.000
20150730	3915.78	3968.53	3802.88	3815.41	271548665	376351162368.000
20150731	3777.16	3863.62	3757.99	3816.70	222376767	299312545792.000
20150803	3766.07	3829.24	3742.58	3829.24	245805030	309631287296.000
20150804	3827.37	3948.45	3801.03	3948.16	220236556	288756498432.000
20150805	3937.62	3962.28	3858.66	3866.90	200484269	272693510144.000
20150806	3802.93	3888.69	3793.24	3831.85	147278694	195532357632.000
20150807	3866.43	3926.65	3857.91	3906.95	183349153	246546120704.000
20150810	3947.47	4101.73	3932.84	4084.37	306780540	401702027264.000
20150811	4083.59	4110.13	4042.00	4066.67	322034191	416996556800.000
20150812	4025.67	4078.03	4015.36	4016.13	255146196	339799375872.000
20150813	4010.01	4075.70	3967.82	4075.46	242836979	319887605760.000
20150814	4097.92	4113.16	4056.73	4073.54	253392996	340076822528.000
20150817	4058.11	4081.77	4009.99	4077.87	256939638	336830562304.000
20150818	4084.31	4103.05	3816.55	3825.41	319881070	424924184576.000
20150819	3748.27	3898.74	3668.19	3886.14	269049839	340923482112.000
20150820	3848.40	3880.82	3761.45	3761.45	212167965	270576697344.000
20150821	3714.29	3757.78	3578.18	3589.54	217986403	267498422272.000
20150824	3454.60	3468.15	3266.55	3275.53	255436652	273124229120.000
20150825	3070.01	3200.11	3019.56	3042.93	276081306	281160318976.000
20150826	3062.57	3192.93	2952.01	3025.69	308270623	312188239872.000
20150827	3092.81	3206.72	3028.40	3205.64	267294930	278769991680.000
20150828	3246.24	3353.24	3223.62	3342.29	299498426	318763466752.000
20150831	3307.40	3368.28	3205.54	3366.54	280250403	306610896896.000
20150901	3296.53	3370.50	3190.58	3362.08	352458528	351387844608.000
20150902	3220.85	3387.02	3213.64	3365.83	347789412	348986376192.000
20150907	3347.29	3422.23	3240.24	3250.49	204224431	221756784640.000
20150908	3221.79	3340.22	3170.81	3334.02	154599631	168294744064.000
20150909	3344.82	3426.65	3330.29	3399.30	220467421	258815787008.000
20150910	3349.28	3398.32	3337.31	3357.56	144882971	168108277760.000
20150911	3349.88	3383.13	3315.48	3347.19	108547508	130262409216.000
20150914	3367.64	3373.92	3187.57	3281.13	205457251	226168553472.000
20150915	3208.74	3240.08	3131.98	3152.23	143555641	145989206016.000
20150916	3149.16	3345.92	3131.37	3309.25	159709994	168269840384.000
20150917	3287.66	3354.91	3237.00	3237.00	169401881	190270177280.000
20150918	3254.44	3280.88	3227.83	3251.27	106903481	121752535040.000
20150921	3222.60	3312.55	3211.93	3308.25	122788668	145323016192.000
20150922	3312.37	3371.41	3303.18	3339.03	146221985	172492865536.000
20150923	3290.07	3315.94	3253.33	3263.03	123171439	136885977088.000
20150924	3278.90	3300.86	3255.90	3285.00	102011238	120820645888.000
20150925	3272.67	3290.86	3201.91	3231.95	121419278	137602170880.000
20150928	3226.61	3246.55	3186.51	3242.75	74219468	88007467008.000
20150929	3197.22	3208.42	3159.04	3178.85	87150633	96691511296.000
20150930	3195.90	3223.91	3186.77	3202.95	78559349	95881601024.000
20151008	3324.98	3337.33	3294.61	3296.48	132081768	164120608768.000
20151009	3302.36	3352.38	3293.97	3340.12	124352500	144731340800.000
20151012	3351.14	3486.63	3347.25	3447.69	221400468	263706476544.000
20151013	3422.48	3452.04	3413.97	3445.04	145433786	174978940928.000
20151014	3431.14	3458.70	3403.23	3406.11	152173938	174599258112.000
20151015	3403.39	3486.81	3402.32	3486.81	171158299	201881878528.000
20151016	3508.52	3537.54	3487.10	3534.06	208964709	252211494912.000
20151019	3548.95	3573.00	3502.50	3534.18	207606744	254890983424.000
20151020	3527.88	3577.80	3510.44	3577.70	179025108	226525577216.000
20151021	3580.84	3601.24	3417.41	3473.25	282076050	326886981632.000
20151022	3453.20	3530.77	3442.31	3524.53	184305580	223583600640.000
20151023	3536.84	3581.84	3515.82	3571.24	198294478	247059677184.000
20151026	3614.70	3620.76	3561.19	3589.26	204248863	270489763840.000
20151027	3569.45	3601.05	3486.10	3592.88	192056140	239042543616.000
20151028	3575.80	3598.17	3517.21	3524.92	170977098	213303017472.000
20151029	3539.98	3561.81	3507.97	3533.31	127010446	161051885568.000
20151030	3530.22	3574.47	3497.57	3534.08	139141914	183317151744.000
20151102	3489.23	3543.45	3474.71	3475.96	130002568	167455096832.000
20151103	3484.72	3501.70	3452.62	3465.49	101401876	132231503872.000
20151104	3477.16	3628.54	3477.16	3628.54	205423865	266955882496.000
20151105	3630.78	3781.41	3627.30	3705.97	398046568	495138177024.000
20151106	3698.34	3801.71	3694.66	3793.37	298753076	389779456000.000
20151109	3796.38	3891.77	3796.38	3840.36	356804823	463161720832.000
20151110	3806.67	3876.49	3798.82	3833.24	286519603	380910632960.000
20151111	3828.45	3843.11	3781.41	3833.65	232234296	307008339968.000
20151112	3841.74	3843.90	3771.27	3795.32	217537647	302446804992.000
20151113	3756.20	3793.71	3727.58	3746.24	203489891	281961136128.000
20151116	3682.74	3764.41	3680.07	3764.13	161690901	227483713536.000
20151117	3790.43	3852.77	3750.16	3758.39	248533071	365138608128.000
20151118	3760.46	3771.85	3706.31	3715.58	185689495	254137958400.000
20151119	3725.62	3775.23	3714.68	3774.97	154631989	204557615104.000
20151120	3778.88	3793.54	3757.03	3774.38	186951689	242295095296.000
20151123	3774.44	3802.85	3743.41	3753.33	175626812	234640982016.000
20151124	3745.76	3754.17	3702.74	3753.89	143383283	192495091712.000
20151125	3747.76	3781.86	3735.72	3781.61	151944941	215125049344.000
20151126	3795.25	3805.84	3756.82	3759.43	173525468	239797207040.000
20151127	3739.10	3742.74	3534.39	3556.99	208939358	269758169088.000
20151130	3554.89	3587.97	3455.07	3566.41	173201163	220098281472.000
20151201	3562.32	3617.30	3536.12	3591.70	136536554	176598810624.000
20151202	3587.76	3725.85	3573.40	3721.96	213538865	260938694656.000
20151203	3709.55	3758.45	3693.14	3749.30	197762126	236698992640.000
20151204	3719.73	3726.12	3667.29	3677.59	151199522	196455596032.000
20151207	3681.58	3699.34	3658.58	3687.61	113883150	161220067328.000
20151208	3668.84	3668.84	3619.45	3623.02	125781083	163317235712.000
20151209	3613.42	3655.16	3611.49	3635.94	113325422	154319994880.000
:
